59 65 70 75
102 113 118 215
194 199 205 210
92 102 183 371
92 183 366 371
92 183 366 371
92 183 366 371
92 183 366 371
92 183 366 371
92 183 366 371
92 183 366 371
97 194 199 205
97 102 194 199
97 194 393 490
97 194 393 490
97 194 393 490
97 194 393 490
97 194 393 490
97 194 388 393
92 97 102 393
102 108 205 210
97 102 108 415
97 102 108 415
97 102 108 415
102 108 113 415
97 102 108 415
210 215 221 226
102 108 113 221
108 113 221 328
108 113 221 328
102 108 113 328
108 113 328 436
102 108 113 328
102 108 113 124
113 118 231 237
113 118 231 463
113 118 231 350
113 118 231 345
113 118 231 345
113 118 231 345
113 118 124 231
113 118 124 231
102 108 118 124
118 124 129 248
118 124 248 371
118 124 248 371
118 124 129 248
118 124 129 371
118 124 129 371
118 124 129 135
102 118 124 129
242 248 258 264
129 258 264 522
129 135 258 264
129 135 258 264
129 135 258 264
129 135 264 393
129 135 140 393
129 135 140 145
135 140 145 275
135 140 145 275
129 135 140 145
129 135 140 145
129 135 140 145
129 135 140 145
145 151 291 296
145 291 296 436
145 291 296 436
145 291 296 436
145 291 296 436
145 291 296 436
140 145 151 291
167 172 178 188
151 156 161 463
151 156 307 463
151 156 307 463
151 156 161 463
151 156 307 463
151 156 307 463
151 156 161 312
183 188 194 205
161 167 328 490
161 167 328 490
161 167 328 490
156 161 167 172
156 161 167 172
156 161 167 172
145 151 156 161
151 156 312 318
151 156 161 312
156 161 167 328
161 167 328 334
161 167 328 334
161 167 328 334
156 161 167 334
172 178 350 355
172 178 350 522
167 172 178 350
167 172 178 350
172 345 350 355
172 345 350 355
167 172 178 350
167 172 178 350
172 178 345 350
172 178 345 350
172 178 345 350
178 183 188 199
183 188 366 371
178 183 366 371
188 194 199 393
183 194 366 371
188 194 199 205
188 194 199 393
188 194 388 393
382 388 393 398
382 388 393 398
388 393 398 404
318 334 339 511
388 393 398 425
188 194 382 474
81 86 167 172
452 458 463 468
495 501 511 522
215 533 538 554
194 199 205 393
194 242 248 253
248 253 495 501
248 296 301 501
248 253 291 501
188 194 199 205
188 194 199 215
242 248 495 501
248 291 296 592
248 393 398 404
248 253 393 791
248 393 786 791
291 296 301 307
291 296 301 592
237 248 253 296
248 253 258 296
188 194 199 210
188 194 199 393
194 248 388 393
194 388 393 398
194 388 393 398
382 388 393 398
194 199 205 393
188 194 199 393
248 253 495 501
285 291 296 301
291 296 301 307
388 393 398 404
388 393 398 404
388 393 398 404
199 210 215 221
458 463 468 937
199 205 210 215
97 102 215 592
199 205 210 215
97 102 215 592
210 215 495 501
495 501 991 996
484 490 495 501
199 205 210 215
382 388 393 398
388 393 398 404
285 291 296 301
291 296 301 592
280 291 296 301
248 253 495 501
248 253 495 501
188 194 199 205
188 194 199 393
194 388 393 398
194 388 393 404
129 135 258 264
129 151 156 312
151 156 161 312
145 151 161 301
145 151 291 296
140 145 151 296
140 145 151 291
124 242 248 371
118 124 248 371
124 194 199 205
97 102 194 393
97 194 199 393
92 97 194 393
97 102 194 199
92 97 194 393
118 124 129 371
118 124 366 371
145 151 291 296
145 151 156 215
194 199 205 210
199 242 248 253
242 248 253 495
248 291 296 301
285 291 296 301
388 393 398 404
388 393 398 404
388 393 398 404
388 393 398 404
382 388 393 398
388 393 398 404
81 388 393 398
388 393 398 404
81 388 393 398
75 81 328 393
307 312 318 409
307 312 318 323
199 253 291 296
312 323 328 398
248 253 258 264
129 291 296 301
124 253 301 312
215 323 328 334
253 258 382 388
81 253 328 334
124 312 355 382
86 129 151 258
75 129 506 511
205 215 253 382
393 398 404 409
86 258 355 366
97 102 194 199
118 124 129 248
118 124 129 151
145 151 291 296
188 194 199 393
242 248 253 495
242 291 296 301
291 296 301 592
404 415 420 840
398 409 415 420
388 393 398 404
388 393 398 404
388 393 398 404
382 388 393 398
97 102 194 199
92 97 102 194
118 124 242 248
124 145 151 296
145 194 199 205
188 194 199 393
215 237 242 248
231 242 248 253
221 285 291 296
210 215 393 398
102 393 786 791
388 393 398 786
86 388 393 398
81 388 393 398
194 199 205 393
215 221 231 237
188 194 199 210
97 102 145 151
248 296 393 398
97 248 296 393
145 248 296 393
145 248 296 393
145 248 296 393
97 145 248 296
145 248 296 393
145 248 296 393
145 248 296 393
145 248 296 393
145 248 296 393
145 248 296 393
194 199 205 210
97 102 194 199
97 194 388 393
97 102 194 393
118 124 242 248
118 124 242 248
145 151 291 296
145 194 199 205
188 194 199 393
194 388 393 398
226 231 237 242
231 237 242 474
231 237 248 253
242 248 253 501
242 248 253 258
215 296 301 592
280 285 296 301
215 393 398 404
393 398 786 791
210 215 296 301
242 248 253 296
248 253 495 501
188 194 199 205
188 194 199 393
194 388 393 398
161 167 328 334
161 167 328 334
183 188 199 334
188 194 199 205
145 151 291 296
145 151 291 296
231 237 242 248
118 124 248 371
118 124 215 242
97 102 194 393
118 124 242 248
118 124 129 248
145 151 291 296
145 151 156 199
188 194 199 393
237 242 248 253
237 242 248 495
248 291 296 301
242 291 296 301
388 393 398 404
393 398 786 791
393 398 786 791
388 393 398 786
81 388 393 398
81 388 393 398
382 388 393 398
382 388 393 398
97 102 194 199
97 194 199 393
118 124 129 248
113 118 124 248
145 151 291 296
140 145 151 296
178 183 188 194
178 183 188 199
194 199 205 210
194 199 393 398
215 242 248 253
221 226 296 301
280 285 291 296
275 280 296 312
393 398 404 409
291 388 393 398
296 301 307 592
242 248 253 495
248 253 495 501
188 194 199 205
188 194 199 393
194 388 393 398
388 393 398 404
145 151 156 296
140 145 151 296
102 113 118 248
118 124 248 495
118 124 129 248
97 102 124 194
92 97 102 194
118 124 129 248
118 124 248 253
145 151 291 296
151 156 161 215
183 188 194 371
183 188 194 199
188 194 199 205
188 194 199 393
215 221 226 231
221 226 231 237
237 242 248 253
237 242 248 253
285 291 296 301
382 388 393 398
393 398 786 791
296 388 393 404
248 253 495 501
194 199 205 210
188 194 199 393
194 388 393 398
199 205 388 393
145 151 291 296
140 145 151 291
118 124 248 495
118 124 242 248
97 102 194 199
97 102 194 393
97 194 199 393
97 194 199 393
97 194 199 393
97 194 199 393
97 194 199 393
420 441 511 565
124 129 565 571
97 102 194 199
97 124 129 242
118 124 145 248
145 151 210 296
188 194 199 393
215 221 231 248
248 291 296 301
291 296 301 398
388 393 398 404
291 296 301 393
205 226 296 592
215 242 248 495
188 194 199 248
194 199 248 393
194 248 388 393
382 388 393 398
140 145 151 296
140 145 151 296
118 124 248 495
118 124 248 495
97 124 194 199
97 102 194 393
97 194 199 205
97 102 194 199
118 124 129 248
118 124 129 145
145 151 291 296
194 199 205 393
215 242 248 253
237 242 248 296
248 291 296 301
194 205 210 215
291 296 301 307
296 301 307 592
215 242 248 495
188 194 199 248
188 194 199 393
151 156 161 167
151 156 161 167
145 151 156 296
118 124 129 151
118 124 242 248
97 102 194 199
97 102 194 393
97 194 199 393
97 194 199 393
97 194 199 393
97 205 398 409
97 436 441 447
312 323 328 334
312 318 323 328
312 323 328 334
312 318 323 425
355 382 388 398
188 194 199 377
312 501 506 522
145 501 506 511
92 183 441 468
86 92 447 511
183 188 194 199
248 258 264 382
151 420 425 431
210 318 323 328
188 285 377 382
54 59 86 425
140 145 194 425
339 350 355 366
92 183 194 377
215 318 323 328
215 221 231 248
124 237 242 248
199 205 215 533
75 81 86 129
81 393 398 404
81 145 151 388
81 151 161 328
188 275 280 371
140 264 275 280
124 129 221 258
81 86 92 151
210 415 420 452
92 183 188 280
237 258 361 377
124 237 447 463
307 312 318 323
188 194 291 371
194 199 205 210
118 124 129 264
118 124 129 205
102 210 215 269
108 113 135 210
188 194 366 377
113 183 366 377
81 377 382 388
86 264 350 355
194 199 210 215
124 135 172 194
81 102 108 124
81 86 97 867
118 129 291 296
124 129 145 318
86 124 129 135
86 124 151 188
86 188 194 199
124 129 145 151
124 323 334 388
92 188 371 382
183 188 194 377
86 183 447 463
210 215 377 388
75 188 474 479
118 129 188 194
388 393 463 468
479 484 490 501
118 124 237 361
113 226 339 452
312 328 393 404
291 388 393 404
81 183 188 194
81 135 188 194
118 129 135 151
86 172 296 388
382 474 479 484
188 382 474 479
183 194 377 452
81 151 156 312
124 140 328 377
388 393 398 431
280 382 468 506
409 474 501 888
388 420 743 980
754 888 980 985
334 398 431 452
129 140 441 447
425 431 447 511
86 436 441 447
86 253 258 447
328 334 339 404
167 334 339 388
75 86 151 517
86 264 447 452
129 404 409 431
328 334 339 415
81 156 312 318
124 135 296 334
194 388 393 398
328 479 495 501
194 199 215 393
81 124 161 301
436 441 447 452
215 312 511 517
199 393 404 409
86 124 194 355
81 86 393 398
135 151 215 447
124 226 441 458
215 301 312 409
307 312 409 452
328 334 404 409
124 511 517 565
323 409 511 517
215 441 447 452
215 318 328 506
377 388 393 404
194 199 205 210
97 194 199 393
118 124 242 248
124 145 151 296
188 194 199 393
188 194 199 393
178 183 188 194
183 188 194 215
199 205 210 215
97 102 194 199
97 194 199 393
118 124 242 248
124 145 151 296
145 194 199 205
188 194 199 393
183 188 194 393
183 366 371 377
178 183 366 371
97 102 194 199
92 97 194 199
118 124 242 248
145 151 291 296
145 194 199 205
188 194 199 393
237 242 248 258
242 248 291 296
285 291 296 301
388 393 398 409
393 781 786 791
215 285 296 301
242 248 253 296
248 253 258 495
188 194 199 393
188 194 199 393
194 388 393 398
145 151 291 296
135 145 151 291
118 124 242 248
118 124 248 371
97 124 194 199
97 194 393 490
97 194 393 490
97 194 388 393
97 194 388 393
97 199 210 393
366 371 377 382
124 237 355 361
124 129 231 237
145 151 156 161
291 388 393 398
409 501 506 511
81 86 172 258
312 318 323 334
188 382 388 393
92 361 447 452
81 86 172 258
75 248 253 258
97 102 194 199
118 124 242 248
124 145 151 296
188 194 199 393
237 242 248 253
231 242 248 253
248 296 301 592
382 388 393 398
388 393 398 791
291 296 301 393
242 248 253 495
248 253 495 501
188 194 199 393
194 388 393 398
140 145 151 291
145 151 291 296
118 124 129 248
118 124 129 248
102 124 194 199
97 102 194 393
97 194 199 393
97 194 199 393
97 194 199 205
97 194 199 388
81 97 194 388
97 194 388 393
81 92 97 215
86 334 393 398
301 312 318 334
81 102 108 210
194 490 495 501
231 441 447 452
215 226 425 431
124 129 194 199
113 118 129 140
97 113 118 215
102 215 328 425
108 113 118 215
183 377 388 393
194 382 388 393
92 188 194 199
194 199 393 501
81 86 167 334
75 97 388 398
86 129 328 415
81 86 124 334
81 86 135 151
81 334 393 409
296 301 371 377
124 156 323 328
97 124 129 215
113 124 140 194
81 135 388 393
124 129 151 323
86 312 447 452
382 388 511 517
124 210 215 323
194 199 393 404
92 124 129 398
124 151 264 328
81 312 447 452
124 129 140 151
388 393 398 404
140 145 404 409
145 328 377 382
92 124 129 140
86 124 129 135
81 86 124 135
135 156 404 511
124 135 188 199
81 86 135 398
86 188 264 355
86 92 124 172
92 183 188 194
81 124 178 183
145 151 301 312
312 388 393 398
124 129 318 334
75 124 129 215
81 382 388 393
441 452 484 511
188 377 388 479
188 382 388 393
59 75 188 388
323 328 334 382
81 86 258 355
81 86 129 194
81 86 258 388
86 124 129 135
124 129 398 404
129 151 328 334
156 301 334 377
86 129 145 258
194 199 398 404
242 248 463 468
199 215 231 452
