230
229
200
200
200
201
201
229
229
228
228
228
201
227
202
226
202
202
227
203
203
226
227
226
225
204
203
225
204
209
225
224
224
224
210
210
210
211
211
211
212
212
209
209
208
208
207
207
207
212
206
206
206
205
205
205
204
208
213
221
222
222
222
223
223
223
214
214
213
221
214
215
215
216
216
221
220
220
220
219
213
217
219
219
218
218
218
217
217
216
31
48
105
53
39
53
31
53
90
48
39
48
50
52
50
51
51
105
104
51
49
49
49
38
38
38
52
39
52
90
90
33
33
32
32
32
50
33
104
104
103
103
103
102
102
102
101
101
101
100
100
100
99
34
34
34
35
35
36
36
36
37
37
37
99
99
98
98
98
97
97
97
96
96
95
95
95
94
94
94
93
93
93
92
92
92
91
91
91
96
58
65
48
38
95
58
107
47
95
47
47
38
38
95
39
61
39
39
96
106
59
46
58
59
106
59
60
60
60
45
61
61
62
62
62
63
63
63
64
64
64
46
46
40
45
40
40
41
41
43
43
43
44
106
105
44
96
44
45
41
42
42
42
104
104
105
105
103
96
97
97
97
98
98
98
99
99
99
100
100
100
101
101
101
102
102
102
103
103
104
96
58
97
97
98
98
98
99
99
99
100
100
100
101
101
101
102
102
102
103
103
103
104
104
104
105
105
105
106
106
106
107
107
108
96
96
76
75
75
75
74
74
74
73
73
73
72
72
72
71
71
70
70
70
69
69
69
68
68
68
67
67
67
66
66
66
65
65
65
64
64
64
63
63
63
62
62
62
61
61
61
60
60
60
59
59
59
58
58
97
105
43
40
41
41
104
41
42
104
43
104
80
80
42
83
83
82
82
80
79
79
75
75
42
43
93
65
81
93
74
81
82
103
103
81
65
65
74
94
74
102
102
94
103
94
101
66
102
73
95
95
73
101
101
95
100
96
97
97
98
98
98
99
99
99
100
100
97
96
96
68
66
73
72
72
72
71
71
70
70
70
69
69
66
67
67
69
68
68
67
132
125
131
131
80
102
125
126
126
131
130
130
130
126
80
102
125
129
129
129
81
102
101
101
101
128
128
128
81
81
82
127
127
127
82
89
88
88
88
87
87
89
86
86
86
85
85
85
84
84
84
83
83
89
99
99
98
98
98
97
97
97
99
100
100
100
96
96
90
90
90
91
91
91
92
92
92
93
93
93
94
94
94
95
95
95
96
83
82
87
69
116
59
89
88
87
113
80
75
89
88
65
65
65
66
66
66
67
67
67
68
68
68
64
64
64
76
76
76
77
77
77
78
78
78
79
79
79
63
63
63
62
59
88
89
62
62
61
61
60
96
96
96
97
97
97
98
98
98
99
60
115
115
115
114
114
114
113
113
60
99
99
100
100
100
101
101
101
102
102
102
103
103
103
104
104
104
105
105
61
55
136
101
50
90
90
88
131
43
101
67
79
67
78
79
38
75
132
132
135
136
63
62
136
43
55
51
51
90
89
89
89
88
88
38
75
55
76
132
135
133
133
133
78
77
134
134
134
135
76
51
76
38
67
63
78
54
43
54
40
41
41
41
42
42
42
52
52
40
40
39
39
39
52
53
53
53
54
77
63
64
64
64
65
65
65
66
66
66
77
97
66
75
101
54
97
101
98
61
48
48
98
98
99
74
55
99
99
100
100
100
101
74
74
73
67
67
66
39
39
60
60
61
55
67
60
42
42
59
59
59
58
43
68
68
68
69
69
69
70
70
70
71
71
72
72
72
73
73
58
58
57
57
41
41
41
40
40
57
56
56
56
55
42
43
47
47
47
46
46
46
45
45
45
44
44
40
39
44
43
89
107
77
73
49
89
89
77
106
90
56
73
90
91
74
74
77
76
106
106
90
76
91
49
74
105
76
91
75
75
75
55
55
55
54
54
54
53
53
53
52
52
52
51
92
92
92
93
93
94
94
94
95
95
95
96
96
96
97
97
97
98
98
98
99
99
99
100
100
100
101
101
101
102
102
102
103
103
103
104
104
104
105
105
51
51
50
50
50
93
173
137
138
138
138
139
139
140
140
147
147
147
148
148
148
149
149
149
150
150
150
151
151
151
152
152
152
153
153
153
154
154
154
155
155
155
156
156
156
157
157
157
158
158
158
159
159
159
160
160
160
161
161
161
162
162
162
163
163
163
164
164
164
165
165
165
166
166
166
167
167
167
168
168
168
169
169
169
170
170
170
171
171
171
172
172
172
173
173
139
381
377
377
381
99
380
86
86
176
188
380
380
379
379
379
378
378
378
176
99
187
188
177
187
98
86
177
187
182
182
182
181
181
181
180
180
180
179
179
178
178
178
177
183
183
183
184
186
184
185
98
98
97
97
97
96
96
96
95
95
95
94
94
94
93
93
93
92
92
92
91
91
91
90
90
90
89
89
89
88
88
88
87
87
87
185
185
186
186
184
97
371
385
88
183
384
384
184
184
89
372
371
372
184
96
97
189
189
188
385
385
188
188
371
185
89
384
187
96
185
187
185
186
186
187
89
90
90
90
91
91
91
92
92
92
383
383
383
382
382
382
381
381
381
380
380
380
379
379
379
378
378
378
377
377
377
376
376
376
375
375
375
374
374
374
373
373
373
372
93
93
93
94
94
94
95
95
95
96
186
174
339
339
339
340
340
78
78
77
340
341
341
341
342
342
342
173
174
173
172
172
161
161
89
89
89
88
173
162
162
162
172
171
171
174
78
88
163
163
163
88
87
87
87
86
86
86
85
85
85
84
84
84
83
83
83
82
82
82
81
81
81
80
80
80
79
79
164
164
164
165
165
165
166
166
166
167
167
167
168
168
168
169
169
169
170
170
170
171
79
152
161
96
94
95
95
95
152
70
96
96
88
161
152
153
87
160
70
153
160
87
153
154
154
154
155
155
155
156
156
87
71
71
70
158
158
158
159
159
159
160
157
157
157
156
78
78
79
79
79
80
80
80
81
81
81
82
82
82
83
83
83
84
84
84
85
85
85
86
86
78
77
77
77
76
76
76
75
75
75
74
74
74
73
73
73
72
72
72
86
137
106
55
84
126
126
127
127
127
128
128
128
129
129
129
130
130
126
131
131
131
132
132
132
133
133
133
134
134
56
56
125
125
125
124
124
104
104
103
134
135
135
135
136
136
136
137
137
124
123
123
123
122
103
103
102
102
102
122
101
101
87
56
88
88
122
121
121
121
101
120
104
105
105
105
106
87
87
86
57
57
86
86
85
85
57
85
84
84
130
73
122
69
96
73
70
122
72
73
72
71
121
71
70
121
97
97
122
70
72
121
97
120
98
120
120
98
119
119
98
119
99
118
117
117
117
118
104
103
103
103
102
102
116
101
101
101
100
100
100
99
99
116
116
102
104
118
104
105
115
115
115
114
114
114
113
113
113
112
112
112
111
111
111
110
110
110
109
109
109
108
108
108
107
106
106
106
105
105
107
165
201
196
234
234
233
233
142
137
138
138
138
139
139
139
140
140
140
141
141
141
142
142
137
137
136
136
136
135
135
161
161
161
162
162
162
163
163
163
164
164
164
165
165
135
134
134
134
133
133
133
132
132
132
131
131
131
196
196
197
197
197
198
198
198
199
199
200
200
200
77
76
76
76
75
75
75
74
74
74
73
73
73
72
72
72
71
71
70
199
103
102
102
101
101
101
100
100
100
99
99
99
98
98
98
97
97
97
96
96
96
95
95
95
94
94
94
93
93
93
92
92
92
91
91
91
90
90
90
89
89
89
88
103
88
87
87
87
86
86
86
85
85
85
84
84
84
83
83
83
82
82
82
81
81
81
80
80
80
79
79
79
78
78
78
77
77
77
76
76
76
75
75
75
74
74
74
73
102
88
63
93
64
93
64
74
74
74
91
91
91
92
73
92
93
75
75
75
76
76
76
77
77
73
77
73
72
72
72
71
71
70
70
70
69
69
69
68
68
68
67
67
67
66
66
66
65
65
65
64
92
78
79
78
79
90
90
90
78
89
89
89
88
88
88
87
87
87
81
81
81
80
80
80
79
86
86
86
85
85
85
84
84
84
83
83
82
82
82
83
50
107
80
44
92
49
45
46
46
46
47
47
47
48
48
48
49
49
95
45
45
44
106
106
106
105
105
81
91
91
91
90
96
96
96
97
80
80
105
97
103
103
104
104
104
90
89
81
81
82
97
98
98
98
99
90
103
89
89
84
88
102
88
88
87
87
87
86
86
86
85
85
85
84
82
82
83
83
83
99
99
100
100
100
101
101
101
102
102
84
73
70
81
73
61
69
73
43
54
44
79
80
75
75
68
74
74
55
55
68
44
61
61
62
69
69
68
80
80
81
74
75
67
79
44
45
45
45
46
46
46
47
47
76
48
48
48
49
49
49
50
50
50
51
51
51
52
52
52
53
53
53
54
54
79
78
78
78
77
77
77
76
76
62
62
63
63
63
64
64
64
65
65
65
66
66
66
67
67
47
0
0
0
0
0
0
0
0
0
0
0
0
0
0
0
0
0
0
0
0
