93
39
65
38
34
35
34
51
65
65
38
94
94
94
95
95
95
96
38
37
37
37
36
36
51
52
52
52
53
53
53
54
54
54
55
55
55
96
96
97
97
97
98
98
98
99
99
99
100
100
100
101
101
101
102
102
102
103
103
103
104
64
36
35
56
56
56
57
57
57
58
58
58
59
59
59
60
60
60
61
61
61
62
62
62
63
63
63
64
64
58
86
62
95
142
142
62
105
58
138
138
86
86
87
87
87
50
41
59
61
61
61
59
59
50
41
139
139
141
141
95
139
96
96
97
97
97
98
98
98
99
99
99
100
100
100
101
101
101
102
102
102
103
103
103
104
104
104
96
48
60
60
60
49
49
42
42
42
43
43
43
140
140
140
141
44
44
44
45
45
45
46
46
46
47
47
47
48
48
49
63
35
83
48
63
62
48
93
62
61
38
51
35
78
62
85
84
84
84
70
37
104
36
36
78
38
36
51
50
49
38
49
78
50
37
37
49
50
104
103
103
103
102
102
102
101
101
100
100
100
99
99
99
98
98
98
97
97
97
96
96
96
95
95
95
94
94
94
93
71
71
72
72
72
73
73
73
74
74
74
75
75
75
76
76
76
77
77
77
101
48
47
75
63
92
63
109
85
103
104
77
77
77
78
78
104
104
81
84
84
84
83
105
105
80
105
106
106
106
78
85
85
86
81
82
80
109
83
75
75
83
82
82
98
98
97
97
97
96
96
96
95
95
95
94
94
94
93
93
93
92
107
81
107
108
79
79
108
76
76
76
108
109
79
80
103
103
99
99
99
100
100
100
101
101
101
102
102
102
98
45
93
65
64
103
46
101
102
50
102
102
103
49
49
49
50
46
59
94
94
58
58
58
59
94
59
60
60
60
61
61
61
62
62
62
63
63
63
64
64
95
95
95
48
48
48
47
47
47
46
103
96
52
57
57
57
56
56
56
55
55
55
54
54
50
51
51
51
96
96
97
97
97
98
98
98
99
99
99
100
100
100
101
101
54
53
53
53
52
52
76
48
85
40
76
48
103
47
40
85
40
92
76
77
48
41
98
98
98
99
99
99
100
100
100
101
101
101
102
102
102
103
97
97
97
96
96
96
95
95
95
94
94
94
93
93
93
80
41
41
42
42
42
43
43
43
44
44
44
45
45
45
46
46
46
47
47
85
84
84
84
83
83
83
82
82
82
81
81
81
80
77
77
78
78
78
79
79
79
80
119
104
52
52
51
51
59
60
60
60
61
61
61
62
62
62
63
63
63
64
64
64
65
65
65
51
50
50
50
93
93
93
94
94
49
95
95
95
96
96
96
97
97
97
98
98
98
99
99
99
100
100
100
101
101
101
102
102
102
103
103
103
104
104
49
49
48
48
48
114
114
115
115
115
116
116
116
117
117
117
118
118
118
47
47
47
46
46
46
94
81
60
59
54
58
47
59
59
97
58
105
53
53
48
105
105
104
53
52
52
52
69
70
51
98
97
97
51
51
50
80
80
81
50
50
49
49
47
47
48
48
49
70
70
71
71
72
72
72
73
73
73
74
74
74
75
75
75
76
76
76
77
77
77
78
78
78
79
79
80
98
98
99
99
99
100
100
100
101
101
101
102
102
102
103
103
103
104
104
79
100
97
66
67
99
99
99
98
98
98
40
40
65
66
66
65
40
63
64
41
41
41
42
51
52
52
52
53
64
65
63
64
51
62
42
42
49
50
50
50
51
53
53
54
54
54
63
62
55
43
43
43
44
44
45
45
45
46
46
46
47
47
47
48
48
48
49
49
55
55
56
56
56
57
57
57
58
58
58
59
59
59
60
60
60
61
61
61
62
44
198
98
391
190
94
94
198
95
190
375
98
98
97
95
94
97
376
196
95
96
96
96
198
391
390
390
197
97
197
196
196
376
376
191
191
375
191
192
192
192
193
197
195
389
377
377
377
378
378
378
379
379
379
380
380
380
381
381
381
382
382
382
383
383
383
195
384
384
384
385
385
385
386
386
386
387
387
387
388
388
388
389
389
193
193
194
194
194
195
390
99
101
100
101
100
100
190
92
178
178
91
81
82
188
80
81
188
188
187
82
91
91
90
167
167
168
168
168
169
81
90
187
187
178
186
186
169
169
170
177
177
177
176
189
189
189
190
190
82
173
174
174
174
175
175
175
176
173
173
172
172
172
171
176
171
171
170
170
87
83
83
83
84
84
84
85
85
85
86
86
86
90
89
89
89
88
88
87
87
88
375
88
178
360
185
374
375
94
371
370
370
370
369
369
369
368
91
371
371
372
372
372
373
373
91
91
90
90
90
89
89
89
88
88
92
92
92
93
178
178
368
368
367
367
367
366
366
366
365
365
365
364
364
364
363
363
363
362
362
362
361
361
361
360
360
93
93
179
179
180
180
180
181
181
181
182
182
182
183
183
183
184
184
184
185
185
94
374
374
373
335
336
336
336
158
87
175
159
175
76
159
159
174
174
174
87
173
160
160
86
173
76
173
172
86
172
76
170
171
171
171
172
170
170
169
169
169
168
168
168
167
167
167
166
166
166
165
165
165
164
164
164
163
163
83
162
162
162
161
161
163
160
79
86
85
85
85
84
84
84
79
78
78
78
77
77
77
161
83
81
81
81
82
82
82
83
80
79
80
80
72
101
72
101
72
101
89
89
89
90
88
88
87
87
87
86
86
86
85
85
85
84
84
84
83
83
83
82
82
82
81
81
81
80
80
80
79
79
79
78
78
78
77
77
77
76
76
76
75
75
75
74
74
74
73
73
73
90
90
91
91
91
92
92
92
93
93
93
94
94
94
95
95
95
96
96
96
97
97
97
98
98
98
99
99
99
100
100
100
88
134
163
92
163
167
168
129
129
133
164
79
103
167
102
166
165
165
165
164
164
102
102
101
101
101
100
100
100
99
99
99
98
167
133
133
132
132
132
131
95
94
94
94
131
131
130
93
93
93
92
92
166
130
166
95
95
96
96
96
88
87
87
87
86
86
86
85
85
85
84
84
84
83
83
83
82
82
82
81
81
81
80
80
80
97
97
97
130
98
98
139
139
139
154
56
164
89
84
50
89
88
50
55
55
85
163
85
128
120
127
127
127
126
126
126
125
125
125
124
155
124
124
163
163
123
123
123
122
122
122
121
121
121
120
120
55
54
54
54
53
53
53
52
52
162
162
162
161
161
161
160
160
160
159
159
159
158
158
52
51
51
51
88
158
157
157
157
156
156
156
155
88
87
87
87
86
86
86
85
155
117
75
127
94
118
117
126
126
126
125
75
118
125
118
119
75
125
124
124
124
123
123
122
122
122
121
121
121
120
76
76
76
77
77
77
78
78
78
79
79
79
80
80
80
81
81
81
82
82
82
83
83
83
84
84
84
85
85
85
86
86
86
87
87
87
88
88
88
89
89
89
90
90
90
91
91
91
92
92
92
93
93
93
94
94
120
120
119
119
123
38
38
41
41
91
64
40
40
40
38
39
39
39
65
88
88
88
89
89
87
90
90
90
87
87
86
76
75
75
67
75
74
74
74
73
73
73
86
68
76
76
77
77
77
66
78
66
65
65
67
78
72
72
72
71
71
70
66
70
70
69
69
69
68
68
78
67
89
86
85
85
85
84
84
84
83
83
82
82
82
81
81
81
80
80
80
79
79
79
83
90
194
220
234
234
216
38
78
220
34
216
34
216
89
217
219
219
219
37
38
37
194
194
202
202
35
35
217
36
80
80
80
79
79
79
81
81
81
82
89
36
36
37
82
88
82
83
83
83
84
218
218
218
217
84
84
85
85
85
86
86
86
87
87
195
195
195
196
196
196
197
197
197
198
198
198
199
199
199
87
88
88
202
201
201
201
200
200
200
89
179
71
76
73
75
75
75
76
72
72
86
85
85
73
86
72
71
74
107
74
177
177
177
178
178
178
179
74
73
92
91
106
92
91
92
93
86
91
90
93
90
90
89
89
89
88
88
93
94
94
94
95
95
95
96
96
96
97
97
97
98
98
88
87
87
87
98
99
99
99
100
100
100
101
101
101
102
102
103
103
103
104
104
104
105
105
105
106
106
102
109
170
169
169
169
168
168
167
167
167
166
166
166
165
170
165
165
164
168
85
85
108
108
106
106
106
105
105
105
93
93
92
92
92
91
91
91
90
90
90
89
89
89
88
88
86
86
86
104
104
104
103
103
103
85
88
87
87
87
107
107
108
93
94
94
94
95
95
95
96
96
96
102
102
102
101
101
101
100
100
100
99
99
99
97
97
97
98
98
98
152
38
151
151
151
107
40
39
107
106
106
106
105
105
105
104
104
104
103
103
103
77
39
39
102
102
102
101
101
101
100
100
100
99
99
99
98
98
98
97
97
97
96
96
96
95
95
95
94
94
94
93
93
93
92
92
92
91
91
91
90
90
90
81
81
81
80
80
80
79
79
79
78
78
78
77
72
73
73
73
74
74
74
75
75
75
76
76
76
77
0
0
0
0
0
0
0
0
0
0
0
0
0
0
0
0
0
0
0
0
