70
232
231
231
203
231
202
202
230
203
207
207
207
208
208
204
203
206
206
206
230
205
205
205
204
208
209
209
209
210
210
210
211
211
211
212
212
212
213
213
213
214
214
204
215
215
216
216
216
217
217
217
218
218
218
219
219
219
220
220
220
221
221
221
222
222
222
223
223
223
224
224
224
225
225
225
226
226
226
227
227
227
228
228
228
229
229
229
230
214
208
208
208
55
60
60
91
45
45
91
105
105
36
56
56
56
57
57
57
58
58
58
59
59
59
36
37
44
44
44
43
91
92
92
43
93
93
93
94
94
94
95
95
95
96
96
96
97
97
97
98
98
98
99
99
99
100
100
100
101
101
101
102
102
102
103
103
103
104
104
104
43
42
42
42
41
41
41
40
40
40
39
39
39
38
38
38
37
37
92
105
43
71
39
157
155
80
43
157
155
156
72
72
72
73
73
73
74
74
71
42
92
92
104
104
157
42
77
77
78
78
78
79
79
79
104
105
105
93
42
156
39
39
40
40
40
41
41
41
156
77
101
76
76
76
75
75
75
74
101
101
102
100
100
100
99
99
99
98
98
98
97
97
97
96
96
102
102
103
103
103
95
93
93
94
94
94
95
95
96
45
39
44
52
52
58
58
93
118
118
113
104
39
44
40
40
40
41
41
41
42
42
42
43
43
43
44
114
114
53
53
115
115
115
116
53
54
54
54
55
55
55
56
56
101
100
100
100
99
99
56
57
57
57
116
116
117
117
98
101
101
102
93
93
117
118
102
102
103
103
103
104
104
114
113
94
94
94
95
95
95
96
96
96
97
97
97
98
98
99
98
105
66
66
65
65
47
99
104
56
104
66
97
96
64
86
105
99
99
98
98
65
96
96
100
48
95
87
56
100
104
103
103
103
100
48
101
101
101
95
102
95
94
94
94
93
93
93
49
88
88
88
87
87
56
55
55
55
48
49
49
102
102
50
92
92
92
91
91
91
90
90
90
89
89
54
54
54
53
53
53
52
52
52
51
51
51
50
50
89
73
77
55
89
85
74
107
88
75
74
74
76
76
88
76
95
86
65
86
56
75
64
65
65
75
56
56
95
106
106
86
87
87
88
87
57
95
57
106
105
105
105
104
104
104
103
103
103
102
102
102
101
101
101
100
100
99
99
99
98
98
98
97
97
97
96
96
96
64
64
63
63
63
62
62
62
61
61
61
60
60
60
59
59
59
58
58
58
57
100
83
83
84
83
65
68
44
89
58
68
99
68
89
65
65
89
67
52
45
45
45
46
46
46
47
52
53
53
53
49
54
54
50
54
55
55
55
56
56
56
57
57
52
51
51
57
67
67
66
66
66
90
90
90
91
91
91
92
92
92
93
93
93
94
94
94
95
95
95
96
96
96
97
97
97
98
98
98
99
99
51
50
47
47
48
48
48
49
49
50
89
67
105
30
76
96
84
37
68
84
88
67
31
31
37
76
36
36
96
32
88
88
31
85
68
32
36
104
85
75
75
75
74
34
34
35
35
74
74
73
73
73
85
86
86
86
87
87
87
72
72
72
71
71
70
70
70
69
69
69
96
97
97
97
98
98
98
99
99
99
100
100
100
101
101
101
102
102
102
103
103
103
104
104
34
33
33
33
32
68
193
365
282
97
94
95
96
289
186
192
187
187
186
186
187
188
188
188
189
189
189
190
190
190
191
191
191
192
192
284
96
96
365
366
366
366
367
367
367
368
368
368
369
369
369
370
370
370
371
371
371
372
372
372
373
373
373
374
374
374
375
375
375
376
376
376
377
377
377
95
95
282
283
283
289
289
288
288
288
287
287
286
286
286
285
285
285
284
284
283
151
103
151
87
104
104
79
103
91
182
91
87
73
177
159
79
87
73
182
182
181
181
181
180
180
180
179
179
178
178
178
177
170
170
169
169
169
168
168
168
167
167
167
166
166
166
165
165
164
164
164
163
163
163
162
162
162
161
161
161
160
160
160
159
74
74
74
75
75
75
76
76
76
77
77
77
78
78
78
88
88
88
89
89
89
90
90
90
91
165
368
341
341
341
342
172
172
172
85
342
342
358
358
358
359
359
360
343
171
171
343
180
180
179
179
91
91
91
90
90
90
178
84
84
85
85
366
367
367
367
368
368
360
86
366
366
365
365
365
176
176
364
364
364
363
363
177
363
362
362
362
361
361
361
360
177
177
89
89
89
88
88
88
87
174
174
174
173
173
173
87
87
175
175
86
178
178
175
86
176
303
225
302
156
297
231
298
80
81
298
147
72
230
302
302
301
156
230
299
298
225
226
148
226
72
301
301
300
156
300
300
299
299
230
226
229
229
229
228
228
228
227
227
154
154
153
153
227
154
149
73
73
73
74
74
74
75
75
75
76
76
76
77
77
77
78
78
78
79
79
79
80
80
149
149
150
150
150
148
148
151
151
151
152
155
155
155
153
152
152
68
98
69
69
98
69
98
70
97
70
97
97
71
70
71
95
96
96
96
95
95
94
94
93
93
93
92
72
72
72
94
92
73
73
73
74
74
74
75
75
75
76
76
76
77
77
77
78
78
78
79
79
80
80
80
81
81
81
82
82
82
83
83
83
84
84
84
85
85
85
86
86
86
87
87
87
88
88
88
89
89
89
90
90
90
91
91
91
92
79
82
157
82
80
89
93
115
92
81
81
81
82
90
89
131
150
121
121
150
151
151
121
122
122
122
123
123
123
124
124
124
125
125
125
126
126
126
127
127
127
128
128
128
129
120
129
130
130
130
131
131
120
151
152
152
152
153
153
153
154
154
154
155
155
155
156
156
156
120
119
119
119
118
118
118
157
117
117
117
116
92
92
91
91
91
90
90
116
116
129
102
127
129
127
178
109
169
102
129
128
128
128
127
158
108
178
147
157
157
157
156
156
156
155
155
106
106
155
154
154
105
105
154
153
153
153
152
152
152
151
151
151
169
170
170
170
171
171
171
172
172
172
173
173
173
174
174
174
175
175
175
176
176
176
177
177
177
178
150
150
150
149
149
149
148
148
148
105
104
106
107
107
108
108
103
102
103
104
104
103
103
102
88
68
69
102
69
84
89
102
101
101
72
89
101
100
100
100
99
83
83
83
82
90
69
70
70
70
71
71
89
90
72
99
99
98
98
98
97
97
97
96
96
96
95
95
95
75
94
94
94
93
93
93
92
92
75
76
76
76
77
77
77
78
92
91
91
91
78
78
79
79
79
80
90
82
82
81
81
81
80
80
75
74
74
73
73
73
72
74
106
106
64
93
93
92
64
92
92
64
65
66
66
67
67
67
68
68
68
65
65
91
66
87
88
88
88
89
89
89
90
90
90
91
91
87
80
87
86
86
86
85
85
85
84
84
84
83
83
83
82
82
82
81
81
69
69
69
70
70
70
71
71
72
72
72
73
73
73
74
74
74
75
75
75
76
76
76
77
77
77
78
78
78
79
79
79
80
80
81
0
0
0
0
0
0
0
0
0
0
0
0
0
0
0
0
0
0
0
0
0
0
0
0
0
0
0
0
0
0
0
0
0
0
0
0
0
0
0
0
0
0
0
0
0
0
0
0
0
0
0
0
0
0
0
0
0
0
0
0
0
0
0
0
0
0
0
0
0
0
0
0
0
0
0
0
0
0
0
0
0
0
0
0
0
0
0
0
0
0
0
0
0
0
0
0
0
0
0
0
0
0
0
0
0
0
0
0
0
0
0
0
0
0
0
0
0
0
0
0
0
0
0
0
0
0
0
0
0
0
0
0
0
0
0
0
0
0
0
0
0
0
0
0
0
0
0
0
0
0
0
0
0
0
0
0
0
0
0
0
0
0
0
0
0
0
0
0
0
0
0
0
0
0
0
0
0
0
0
0
0
0
0
0
0
0
0
0
0
0
0
0
0
0
0
0
0
0
0
0
0
0
0
0
0
0
0
0
0
0
0
0
0
0
0
0
0
0
0
0
0
0
0
0
0
0
0
0
0
0
0
0
0
0
0
0
0
0
0
0
0
0
0
0
0
0
0
0
0
0
0
0
0
0
0
0
0
0
0
0
0
0
0
0
0
0
0
0
0
0
0
0
0
0
0
0
0
0
0
0
0
0
0
0
0
0
0
0
0
0
0
0
0
0
0
0
0
0
0
0
0
0
0
0
0
0
0
0
0
0
0
0
0
0
0
0
0
0
0
0
0
0
0
0
0
0
0
0
0
0
0
0
0
0
0
0
0
0
0
0
0
0
0
0
0
0
0
0
0
0
0
0
0
0
0
0
0
0
0
0
0
0
0
0
0
0
0
0
0
0
0
0
0
0
0
0
0
0
0
0
0
0
0
0
0
0
0
0
0
0
0
0
0
0
0
0
0
0
0
0
0
0
0
0
0
0
0
0
0
0
0
0
0
0
0
0
0
0
0
0
0
0
0
0
0
0
0
0
0
0
0
0
0
0
0
0
0
0
0
0
0
0
0
0
0
0
0
0
0
0
0
0
0
0
0
0
0
0
0
0
0
0
0
0
0
0
0
0
0
0
