222
82
209
209
221
77
91
81
78
81
220
210
81
80
80
79
221
92
104
221
79
79
78
78
210
210
80
220
92
92
93
93
93
94
94
94
95
95
95
220
96
96
97
97
97
98
98
98
99
99
99
100
100
100
101
101
101
102
102
102
103
103
103
211
211
211
212
212
212
213
213
213
214
214
214
215
215
216
216
216
217
217
217
218
218
218
219
219
219
96
76
90
45
45
105
77
82
82
53
77
46
46
46
47
47
47
48
48
48
49
49
49
50
50
50
51
51
51
52
52
52
53
77
78
78
78
79
79
79
80
80
80
81
81
81
82
90
90
91
91
91
92
92
92
93
93
93
94
94
95
95
95
96
96
96
97
97
97
98
98
98
99
99
99
100
100
100
101
101
101
102
102
102
103
103
103
104
104
104
94
105
81
61
104
104
92
80
80
81
81
105
70
70
71
61
60
60
60
59
59
58
58
57
57
57
56
56
92
80
79
93
93
93
94
94
94
95
95
95
96
96
96
97
97
97
98
98
98
99
99
99
100
100
100
101
101
101
102
102
102
103
103
103
104
79
79
78
78
77
77
77
76
76
76
75
75
75
74
74
74
73
73
73
72
72
72
71
59
58
78
44
45
51
45
44
105
45
46
46
47
47
47
48
48
49
50
50
50
51
46
49
105
104
104
104
103
103
103
102
102
96
102
101
101
101
100
100
100
48
49
99
99
99
98
98
98
97
97
97
96
83
83
83
84
84
84
85
85
85
86
86
86
87
87
87
88
88
88
89
89
89
90
90
90
91
91
91
92
92
92
93
93
93
94
94
94
95
95
95
96
63
86
77
83
63
83
86
84
85
92
73
74
74
74
75
105
102
102
103
103
104
85
85
84
84
75
75
76
64
64
64
65
65
65
66
66
66
67
67
67
68
68
68
69
69
69
70
70
76
103
73
73
72
72
104
104
76
93
93
93
94
94
94
95
95
72
105
71
102
101
101
101
100
100
100
99
99
99
98
98
98
97
97
97
96
96
95
70
71
96
96
45
55
58
62
61
61
61
60
60
60
59
59
59
62
63
46
46
46
47
47
47
63
63
64
64
64
65
65
65
66
66
66
67
67
67
48
48
48
49
49
49
68
68
50
50
50
51
51
51
52
52
52
96
96
97
97
97
98
98
98
99
99
99
100
100
100
101
101
101
102
102
102
103
103
103
104
104
104
105
105
105
53
53
53
54
54
54
55
62
109
108
135
29
28
28
135
27
27
27
26
57
95
45
45
28
95
57
57
97
107
96
96
56
56
107
108
45
46
46
108
96
46
106
47
47
47
48
48
48
49
49
49
50
50
50
51
51
51
52
52
52
53
53
106
54
54
54
55
55
55
56
97
97
98
98
98
99
99
99
100
100
100
101
101
101
102
102
102
103
103
103
104
104
104
105
105
105
106
53
58
53
58
58
101
48
37
54
54
88
54
57
57
57
56
56
56
47
48
47
55
47
46
46
46
90
55
37
37
38
38
38
89
89
100
100
100
99
99
99
89
55
48
90
98
39
39
45
90
45
91
91
91
92
92
92
93
93
93
94
94
94
95
95
95
96
96
96
97
97
97
98
98
41
41
41
40
40
40
39
45
42
42
43
43
43
44
44
44
42
131
80
105
87
119
86
80
120
111
92
115
119
119
118
118
118
105
105
104
117
117
117
116
116
116
80
81
81
81
82
82
82
83
83
83
84
84
84
85
85
85
86
86
93
93
112
112
112
113
113
113
114
114
114
92
115
115
100
93
94
94
94
95
95
95
96
96
96
97
97
97
98
98
104
104
103
103
103
102
102
102
101
101
101
98
99
99
99
100
100
192
95
90
90
184
379
363
185
95
94
94
94
92
91
184
91
91
191
191
191
379
93
371
372
372
372
373
373
373
374
374
374
375
375
375
376
376
376
377
377
377
378
378
378
371
371
370
370
370
369
369
368
368
368
367
367
367
366
366
366
365
365
365
364
364
364
363
363
185
185
186
186
93
93
92
92
186
187
187
187
188
188
188
189
189
189
190
190
190
369
170
77
89
78
169
170
170
169
169
156
156
157
157
157
158
156
158
158
160
168
168
168
167
167
167
166
166
166
165
165
155
155
155
165
164
164
164
159
78
78
79
79
79
80
80
80
81
81
154
154
154
153
153
153
152
81
82
82
82
83
83
83
84
84
84
85
85
85
86
86
86
87
87
87
88
88
88
163
163
163
162
162
162
161
161
161
160
159
160
159
346
346
346
362
364
182
374
374
182
173
92
363
92
85
85
174
363
363
374
174
364
365
373
373
92
91
86
181
182
364
365
174
175
175
365
366
366
366
367
367
367
368
368
368
369
369
369
370
370
370
371
371
371
372
372
372
175
176
176
176
177
177
177
178
178
178
179
179
180
91
91
90
90
90
89
89
89
88
88
88
87
87
87
86
86
180
180
181
181
373
307
298
305
305
299
305
299
81
306
306
306
145
154
155
298
299
80
304
300
304
300
300
301
301
301
302
302
302
303
303
303
304
80
80
79
79
78
78
78
77
77
77
76
76
76
75
75
75
74
74
74
73
73
73
145
145
146
146
146
147
147
147
148
148
148
149
149
149
150
150
150
151
151
151
152
152
152
153
153
153
154
154
72
72
72
71
71
70
70
79
164
101
164
164
101
99
100
100
73
73
72
100
99
98
98
98
74
73
99
97
97
96
74
97
96
95
95
96
95
94
93
94
93
94
91
91
91
92
92
92
74
93
90
79
79
90
90
89
89
89
88
88
88
87
87
87
86
86
86
85
85
85
84
84
84
83
78
78
78
77
77
77
76
76
76
83
83
82
82
75
75
75
82
81
81
81
80
80
80
79
66
61
63
61
65
61
65
65
89
64
64
64
63
63
394
395
59
59
52
52
53
88
88
88
59
60
60
53
60
395
58
58
58
401
401
401
79
79
57
80
80
80
81
81
81
82
82
82
83
83
84
84
84
85
85
85
86
86
86
87
87
87
57
396
396
396
397
397
397
398
398
398
399
399
399
400
400
400
53
54
54
54
55
55
55
56
56
56
57
83
65
68
149
66
66
150
164
67
164
164
66
140
140
129
129
65
65
67
67
150
151
152
152
152
153
153
153
154
154
154
155
155
155
156
156
156
157
151
151
150
157
158
158
158
159
159
159
130
130
130
131
131
131
132
132
132
133
133
133
134
134
134
135
135
135
136
136
136
137
137
137
138
138
138
139
139
139
160
160
160
161
161
161
162
162
162
163
163
163
157
128
108
108
108
107
105
81
98
88
106
105
69
128
133
129
129
129
76
69
65
98
81
77
107
106
106
133
133
130
132
88
88
132
131
131
80
80
80
79
131
130
65
65
66
68
68
69
130
97
97
98
78
77
77
132
78
97
96
96
96
95
95
95
94
94
94
93
93
93
92
92
92
91
91
91
90
90
89
89
89
79
79
78
66
66
67
67
67
68
90
52
47
74
51
48
51
48
98
98
97
97
98
99
51
99
50
49
50
74
75
49
50
49
48
97
96
96
96
75
85
85
85
86
86
75
87
87
87
88
88
88
89
89
89
90
90
90
91
91
91
92
92
92
93
93
93
94
94
94
95
95
95
79
79
79
78
78
78
77
77
77
76
76
76
86
80
84
84
83
83
83
82
82
82
81
81
81
80
80
84
151
99
41
148
168
55
150
105
150
150
149
149
149
99
54
99
42
161
105
105
167
54
162
49
50
50
50
51
51
51
52
52
52
53
53
53
54
49
49
48
163
48
48
47
47
47
46
46
100
100
100
101
101
101
102
102
102
103
103
103
104
104
104
46
45
45
162
162
163
45
44
167
167
166
166
166
165
165
165
164
164
164
44
44
43
43
43
42
42
163
48
55
95
65
48
55
55
49
76
49
54
50
49
106
66
54
50
50
51
51
51
52
52
52
53
53
53
54
103
106
66
66
67
67
67
68
68
68
69
69
69
70
70
70
71
71
72
72
72
73
73
73
74
74
74
75
75
75
76
105
105
105
104
104
95
95
96
96
96
97
97
97
98
98
98
99
99
99
100
100
100
101
101
101
102
102
102
103
103
104
110
56
50
67
91
67
116
50
72
55
72
111
111
111
112
112
112
113
113
113
114
114
114
115
55
115
103
103
103
102
102
102
101
101
101
100
100
100
99
99
99
98
98
98
97
97
97
96
96
96
95
95
95
94
94
115
116
116
51
51
94
93
93
93
92
92
92
51
52
52
68
52
53
72
71
71
70
70
70
69
69
69
53
53
68
55
54
54
68
54
85
85
55
56
56
56
57
57
57
58
58
58
59
59
59
60
60
60
61
61
61
62
62
62
63
63
63
64
64
64
65
65
65
91
92
92
92
93
93
93
94
94
94
95
95
95
96
96
96
97
97
97
98
98
98
99
99
100
100
100
101
101
101
102
102
102
103
103
103
104
104
104
105
105
105
106
106
106
107
107
108
108
125
125
126
126
126
127
127
99
0
0
0
0
0
0
0
0
0
0
0
0
0
0
0
0
0
0
0
0
