224
228
70
77
225
213
226
226
225
225
226
227
227
204
213
77
227
77
73
54
54
55
55
55
56
49
76
46
47
47
47
48
48
48
49
76
76
70
71
71
72
72
72
75
75
75
212
212
212
211
211
211
210
210
210
209
209
209
208
208
208
207
207
207
206
206
206
205
205
205
204
74
74
74
73
73
54
53
53
53
52
52
52
51
51
51
50
50
50
49
55
77
79
79
139
135
99
78
77
134
79
78
78
100
138
138
135
135
41
107
136
52
53
53
53
54
54
55
55
52
52
51
51
51
136
136
137
137
137
138
50
50
50
49
49
49
48
48
48
47
47
47
46
46
46
45
45
45
44
44
44
43
43
43
42
100
100
101
101
101
102
102
102
103
103
103
104
104
104
105
105
105
106
106
106
107
42
42
41
54
93
102
50
41
72
61
72
49
42
49
93
102
42
72
42
49
48
48
43
61
62
93
71
71
43
43
102
44
48
70
44
94
101
94
62
62
47
47
47
46
46
70
70
69
46
45
45
45
44
101
94
100
101
100
100
99
99
99
98
98
64
64
65
65
65
66
66
66
67
67
67
68
68
68
69
69
98
97
97
97
96
96
96
95
95
64
63
63
63
95
69
39
36
89
38
37
38
103
90
90
89
102
81
82
82
102
101
38
70
69
69
37
37
102
70
81
81
80
80
90
91
91
91
92
92
92
93
93
93
94
94
94
95
95
95
96
96
96
97
97
79
79
79
78
78
78
77
77
77
76
76
76
75
75
75
97
98
98
98
99
99
99
100
100
100
101
101
74
74
74
73
73
73
72
72
72
71
71
70
80
79
124
123
124
63
102
97
80
80
80
75
75
98
65
65
64
64
65
97
64
102
101
101
90
91
74
74
74
73
97
101
98
73
66
81
100
98
99
99
99
100
100
81
73
90
90
89
89
72
72
72
71
71
70
70
70
69
69
69
68
68
68
67
67
67
66
66
89
88
88
81
83
83
82
82
82
83
88
87
87
86
86
86
85
85
85
84
84
84
87
68
69
55
107
40
39
54
33
32
93
48
48
33
107
54
39
93
50
49
49
37
49
48
50
38
38
39
50
51
51
37
51
52
52
33
34
34
52
34
35
53
53
93
94
94
94
95
95
95
96
96
96
97
97
97
98
98
98
99
99
99
100
100
100
101
101
101
102
102
102
103
103
103
104
104
104
105
105
105
106
106
106
53
54
35
36
36
38
36
37
107
57
64
73
57
83
57
82
82
82
58
58
58
59
59
59
60
83
83
75
81
81
81
80
60
60
61
61
61
73
73
62
62
62
63
63
63
74
74
74
80
80
79
96
96
96
97
97
97
98
98
98
99
99
99
100
100
100
101
101
101
102
102
102
103
103
103
104
104
104
105
105
105
106
106
106
107
79
79
78
78
78
77
77
77
76
76
76
75
75
111
91
57
34
113
111
113
92
39
112
111
104
112
35
112
39
96
95
95
38
94
94
94
96
96
97
97
97
98
58
58
58
59
59
59
60
60
60
61
61
61
62
62
62
63
63
63
64
64
64
65
65
65
66
66
66
67
67
98
98
93
93
93
92
92
99
99
99
100
100
100
101
101
101
102
102
102
103
103
103
35
36
36
36
37
37
37
38
38
95
58
59
58
58
64
95
95
78
78
78
79
96
108
108
109
64
66
66
66
65
65
64
65
67
77
77
76
76
76
96
96
97
97
97
98
98
98
99
99
99
100
100
100
101
101
101
102
102
102
103
103
103
104
104
104
105
105
105
106
106
106
107
107
108
75
75
75
74
74
74
73
73
73
72
72
72
71
71
70
70
70
69
69
69
68
68
68
67
67
77
58
60
59
58
76
37
73
73
73
72
59
92
59
77
77
76
49
76
99
100
100
100
101
101
101
102
102
99
96
95
95
94
94
94
93
93
93
37
37
38
38
38
39
39
39
40
40
40
41
45
45
45
46
46
46
47
47
47
48
48
48
49
49
74
74
74
75
75
75
95
99
98
98
98
97
97
97
96
96
41
41
42
42
42
43
43
44
44
44
43
198
201
198
201
200
394
390
394
388
388
388
412
394
393
393
393
389
391
391
389
392
390
390
392
392
412
389
413
391
200
200
199
199
199
407
408
408
408
414
414
414
413
413
409
409
409
410
410
410
411
411
411
412
395
407
407
395
406
406
396
396
396
406
405
399
400
400
400
401
401
401
399
399
398
398
397
397
402
402
402
403
403
403
404
404
404
405
405
397
398
294
399
199
390
295
296
296
296
297
297
297
298
298
298
101
294
295
398
194
195
195
195
197
398
391
390
390
198
198
198
295
194
196
197
197
196
391
391
392
398
196
397
397
101
90
397
396
393
393
393
392
392
396
395
396
394
90
100
100
395
394
394
91
91
91
92
92
92
93
93
93
94
94
94
95
95
95
96
96
96
97
97
97
98
98
99
99
99
100
98
293
94
94
195
188
287
392
288
381
97
98
98
381
293
392
293
97
97
96
96
96
95
95
95
94
288
288
289
289
289
290
290
291
291
291
292
292
292
392
391
391
391
390
390
390
389
389
389
195
194
194
194
193
193
193
192
192
192
191
191
191
190
190
190
189
189
189
388
388
388
387
387
387
386
386
386
385
385
385
384
384
384
383
383
383
382
382
382
381
290
84
359
180
91
85
359
358
347
347
347
91
348
358
358
170
180
85
85
348
348
349
349
349
350
350
350
351
351
352
352
352
353
353
353
354
354
354
355
355
355
356
356
356
357
357
357
170
171
171
171
179
179
178
178
178
177
177
177
176
176
176
91
90
90
90
89
89
89
88
88
88
87
87
87
86
86
86
172
172
172
173
173
173
174
174
174
175
175
175
351
84
69
141
156
83
83
84
84
142
142
142
69
143
143
144
144
155
155
69
70
70
70
154
154
155
154
83
144
71
71
153
145
150
150
150
151
151
151
152
152
152
153
153
149
149
149
148
148
148
147
147
147
146
146
146
145
145
82
82
82
72
81
81
81
80
80
80
79
79
79
78
78
78
77
77
77
76
76
76
75
75
75
74
74
74
73
73
73
72
72
64
64
64
65
65
65
77
77
78
78
78
66
97
97
98
98
98
99
85
84
84
84
66
85
97
96
96
96
95
95
95
94
94
94
93
93
93
92
92
92
91
91
91
90
90
90
89
89
89
88
88
88
87
87
86
86
86
85
77
76
76
76
75
75
75
74
74
74
73
73
73
72
72
72
71
71
70
70
70
69
69
69
68
68
68
67
67
67
66
87
72
189
127
127
126
126
126
125
125
125
127
199
199
199
198
198
198
197
197
197
196
196
196
195
195
195
194
194
194
193
193
193
192
192
192
191
124
124
124
123
123
123
128
122
122
121
191
191
190
190
190
128
128
60
60
60
61
61
61
62
62
62
63
63
63
64
64
64
65
65
65
66
66
66
67
67
67
68
68
68
69
69
69
70
70
70
71
71
129
122
67
67
97
68
68
69
70
70
70
69
72
72
69
72
73
96
96
68
97
71
71
96
75
76
76
76
77
77
94
95
95
75
75
74
74
74
73
73
95
94
78
78
77
94
78
83
83
84
84
84
85
85
85
86
86
86
87
87
87
88
88
88
89
89
89
90
90
90
91
91
91
92
92
92
93
93
93
83
82
82
82
81
81
81
80
80
79
79
79
80
104
75
88
89
88
104
104
103
103
103
102
102
102
101
101
77
77
78
78
78
79
77
76
76
76
75
75
83
83
84
84
84
85
85
85
86
86
87
87
87
93
93
93
92
92
92
91
91
91
90
90
90
89
89
86
88
83
101
100
100
100
99
99
99
98
98
98
97
97
97
96
96
96
95
95
95
82
94
94
79
79
80
80
80
81
81
81
82
82
94
45
94
94
78
94
57
93
93
78
93
92
88
88
88
87
87
87
86
86
86
85
85
85
84
57
57
56
56
56
55
55
55
54
54
54
53
53
84
84
83
83
83
82
82
82
81
81
81
80
80
80
79
79
79
78
53
52
52
52
51
51
51
50
50
50
49
49
49
48
48
48
47
47
47
46
46
46
45
45
89
89
90
90
90
91
91
91
92
92
89
54
73
55
64
55
55
85
74
63
56
56
78
63
74
57
56
101
75
62
62
62
63
77
77
77
76
75
57
57
58
58
58
59
59
74
86
100
100
100
99
99
99
98
98
98
97
97
97
96
96
96
95
95
95
94
94
94
93
93
93
92
92
92
91
91
91
90
90
90
89
89
89
88
88
88
87
87
87
86
86
59
76
76
75
61
61
61
60
60
60
138
138
107
78
80
80
80
79
92
79
79
78
106
106
106
105
105
105
104
78
91
91
91
90
90
104
102
101
101
101
100
100
102
85
86
86
86
87
87
87
88
88
88
89
89
89
90
102
103
103
103
104
85
92
92
93
93
93
94
94
94
95
95
95
96
96
96
97
97
97
98
98
98
99
99
85
84
84
84
83
83
83
82
82
82
81
81
81
99
100
106
137
31
72
133
68
136
133
92
72
38
99
99
31
99
32
32
32
33
100
