133
151
209
210
134
135
134
134
133
149
150
150
150
210
210
211
211
211
212
212
212
213
213
213
214
214
214
215
222
221
221
221
220
220
220
218
218
219
219
219
218
217
146
145
145
145
144
144
144
143
143
142
142
142
141
141
141
140
140
140
139
139
139
138
217
217
216
216
215
146
146
138
138
137
137
137
136
136
136
135
135
147
147
147
148
148
148
149
149
216
85
62
85
85
53
53
45
62
38
106
106
95
61
61
37
45
105
54
54
38
38
95
45
61
60
60
60
59
59
59
58
58
58
57
57
57
56
56
56
55
55
55
54
105
105
104
104
104
103
103
103
102
102
102
101
101
101
98
39
39
39
40
40
40
41
41
41
42
42
42
43
43
100
100
100
99
99
99
43
44
44
44
96
96
96
97
97
97
98
98
105
59
92
58
49
92
105
35
41
58
94
35
36
36
36
94
105
103
103
104
104
104
94
95
40
40
41
41
95
95
93
93
93
56
50
50
50
51
57
57
57
58
37
96
51
37
96
103
39
40
56
56
96
102
37
97
39
102
51
98
98
99
99
99
100
100
100
101
101
101
102
98
97
97
38
38
38
39
55
55
55
54
54
54
53
53
53
52
52
52
108
78
65
90
90
91
66
91
92
92
92
93
93
93
94
77
77
77
76
76
76
75
75
75
74
74
74
73
73
73
72
72
72
71
71
70
70
70
69
69
69
103
103
104
104
104
105
105
105
106
106
106
107
107
68
68
68
67
67
67
66
66
91
94
103
102
102
101
101
101
100
100
100
99
99
99
98
98
98
97
97
97
96
96
96
95
95
95
94
102
59
104
48
34
93
42
94
58
103
43
103
49
34
94
35
58
42
49
103
94
95
35
36
102
102
102
101
101
101
100
36
58
57
57
57
56
56
56
36
55
55
54
54
54
53
53
53
52
52
52
100
100
99
99
99
98
98
98
97
97
97
96
96
96
95
37
37
37
42
41
95
41
41
51
51
51
50
50
50
49
40
40
40
39
39
39
38
38
38
55
70
71
71
41
62
43
41
41
92
42
42
51
42
92
93
107
107
108
51
61
61
94
52
52
61
60
60
60
105
93
93
94
105
106
106
106
53
53
52
94
53
95
95
59
59
59
105
104
54
104
54
54
95
96
58
58
104
55
97
98
98
98
99
99
99
100
100
100
101
101
101
102
102
103
103
103
97
97
96
96
55
58
57
57
57
56
56
56
55
102
43
85
104
77
44
44
53
77
52
52
84
92
44
45
78
45
45
104
84
103
78
47
78
46
47
52
51
51
51
92
46
46
84
50
79
83
50
50
49
49
48
48
48
47
49
103
103
102
102
102
101
101
101
100
100
100
99
99
99
98
98
98
97
79
79
97
80
80
97
96
96
96
95
95
95
94
94
94
93
93
93
80
81
81
81
82
82
82
83
83
80
128
115
115
95
115
125
126
151
125
149
127
128
128
80
71
108
149
151
151
150
148
148
150
127
127
126
126
72
72
72
73
73
73
74
74
74
75
75
107
77
77
77
78
78
78
79
79
79
80
107
106
149
96
96
96
150
75
104
76
76
76
106
106
105
105
97
97
97
98
98
98
99
99
99
100
100
100
101
101
101
102
102
102
103
103
103
104
104
105
92
86
70
84
93
94
85
93
93
85
84
105
71
85
105
106
106
70
70
84
71
72
72
72
73
73
73
74
74
74
75
75
75
76
76
76
77
77
77
78
78
78
79
79
79
80
80
81
81
81
82
82
82
83
83
83
94
94
95
95
95
96
96
96
97
97
97
98
98
98
99
99
99
100
100
100
101
101
101
102
102
102
103
103
103
104
104
104
105
80
363
81
180
357
183
184
184
356
357
357
363
363
362
181
180
180
184
99
181
183
362
181
182
358
358
359
359
360
360
360
98
361
361
361
362
182
82
82
81
182
183
98
358
98
93
94
94
90
90
89
89
89
88
88
88
87
87
87
86
86
86
85
85
85
84
84
84
83
83
83
82
91
94
95
95
95
96
96
96
97
97
97
93
93
92
92
92
91
91
90
92
100
174
95
100
166
174
95
166
92
95
96
99
167
173
91
76
99
173
96
167
99
98
172
96
97
97
91
97
98
167
98
173
168
91
90
90
90
89
89
89
88
88
88
87
87
87
86
86
86
85
85
85
84
84
84
83
83
83
82
82
82
81
81
81
80
80
80
79
79
172
172
171
171
171
170
170
170
169
169
169
168
79
78
78
78
77
77
77
168
178
170
353
345
345
345
346
344
175
93
93
346
346
347
347
347
348
348
348
349
349
349
350
350
350
351
351
351
352
352
352
353
175
175
174
174
174
173
173
173
92
176
176
176
177
177
177
172
172
171
171
171
92
92
91
91
91
90
90
90
89
89
89
88
88
88
87
87
87
86
86
86
85
85
85
84
84
84
83
83
83
82
82
82
81
81
81
80
170
172
75
157
171
171
90
157
158
158
169
169
170
170
170
89
89
158
75
75
157
159
168
169
76
159
89
159
160
160
160
161
161
161
162
162
162
163
163
163
164
164
164
165
165
165
166
166
166
167
167
167
168
168
88
88
87
87
87
86
86
86
85
85
85
84
84
84
83
83
83
82
82
82
81
81
81
80
80
80
79
79
79
78
78
78
77
77
77
76
76
88
100
70
99
99
99
94
94
70
70
98
97
71
71
72
72
72
73
73
97
97
96
96
96
73
74
74
74
75
75
75
76
76
94
77
77
77
78
78
78
79
79
79
80
80
80
81
81
81
82
82
82
83
83
83
84
84
84
85
85
85
86
86
86
87
87
95
95
95
87
88
88
88
89
89
89
90
90
90
91
91
91
98
98
92
92
92
93
93
93
76
110
113
61
73
111
111
58
110
61
113
112
112
70
103
90
70
111
71
95
73
73
60
59
58
58
59
79
60
60
112
59
99
100
100
100
101
101
101
102
102
102
103
99
99
98
98
98
97
97
97
96
96
95
90
90
89
89
89
88
88
88
87
87
87
86
86
86
85
85
85
84
84
84
83
83
83
82
82
82
81
81
81
80
80
80
72
72
72
71
96
126
78
97
136
127
136
135
135
97
127
78
97
78
79
96
128
134
135
133
134
96
134
127
129
128
128
96
133
133
132
132
132
131
129
129
130
130
79
130
95
131
95
95
94
94
94
93
93
93
92
92
92
91
91
91
90
90
90
89
89
88
88
88
87
87
87
86
86
86
85
85
85
131
84
84
84
83
83
83
82
82
82
81
81
81
80
80
80
79
89
109
105
77
77
77
78
78
78
79
79
79
80
80
80
81
81
81
82
82
82
76
76
76
75
75
75
74
67
67
108
108
108
107
107
106
106
106
67
105
89
90
90
90
91
91
91
92
92
92
93
93
93
94
94
94
95
95
95
96
96
96
97
97
97
98
98
98
99
66
105
89
89
88
88
87
87
87
86
86
86
85
85
85
84
84
84
83
83
83
88
112
95
112
88
77
77
110
110
88
87
87
87
86
86
109
109
109
77
76
110
76
95
95
96
96
96
97
97
97
98
98
111
111
111
112
108
108
99
99
99
98
78
78
78
86
85
107
108
107
100
85
106
100
106
106
105
105
105
104
104
104
103
103
103
102
102
102
101
101
101
100
83
79
79
79
80
80
80
81
81
81
82
82
82
85
84
84
84
83
83
95
159
159
161
160
160
79
160
159
58
64
161
105
59
64
96
90
105
104
104
60
104
96
59
90
63
90
63
63
96
62
103
62
62
80
80
80
61
61
61
60
60
97
59
97
83
84
84
84
85
85
85
83
83
82
82
82
81
81
81
98
103
103
102
86
86
86
87
87
87
88
88
88
89
89
89
102
102
101
101
101
100
100
100
99
99
99
98
98
97
65
99
67
51
65
67
66
66
66
105
88
99
77
104
104
105
100
100
43
100
51
51
99
42
88
104
88
50
103
103
103
102
101
101
101
77
43
102
87
87
87
86
78
78
78
43
44
44
44
45
45
45
46
46
46
47
47
47
48
48
48
49
49
49
50
50
102
79
86
86
85
85
84
84
84
83
83
83
82
82
82
81
81
81
80
80
80
79
79
85
56
104
85
73
85
48
95
84
56
103
84
73
96
48
55
56
83
103
102
74
74
83
84
83
74
82
55
97
49
96
82
48
96
103
49
82
54
54
55
102
102
97
75
75
97
81
81
81
50
49
75
78
78
78
79
77
77
77
53
53
79
79
80
80
80
76
76
76
53
54
100
100
101
52
52
101
52
51
100
99
99
99
51
50
101
98
98
98
50
51
69
100
48
48
48
49
49
49
50
50
50
51
51
51
52
52
52
53
53
53
54
54
54
55
55
55
56
56
56
57
57
57
47
47
41
47
46
66
66
67
67
67
68
68
68
69
46
46
45
45
45
44
44
44
78
78
78
79
79
79
80
80
80
81
43
43
43
42
100
100
101
101
101
102
102
102
103
103
103
104
104
104
105
105
105
106
106
42
42
41
68
31
92
101
52
36
45
60
32
67
36
32
32
45
92
92
33
60
60
67
