168
166
166
166
167
124
167
167
165
124
123
123
150
150
150
149
149
124
149
148
148
147
147
147
146
146
146
145
145
145
144
144
144
143
143
142
142
142
141
141
141
140
140
140
139
139
139
138
148
138
125
125
125
126
126
126
127
127
127
128
128
128
129
129
129
130
130
130
131
131
131
132
132
132
133
133
133
134
134
134
135
135
135
136
136
136
137
137
137
138
60
99
35
60
59
59
94
98
94
36
98
41
42
42
42
43
43
43
44
44
44
45
45
45
46
46
46
47
47
47
48
48
48
49
49
49
50
41
50
41
40
40
40
52
53
53
53
54
54
54
55
55
55
56
56
56
57
57
57
58
58
58
59
39
39
39
38
38
38
37
37
37
36
36
95
95
95
96
96
96
97
97
97
98
50
51
52
52
51
51
44
102
58
53
86
37
86
58
58
102
87
92
44
88
91
91
92
53
87
87
38
37
43
102
91
90
90
57
43
93
92
93
90
89
89
89
88
54
53
38
88
93
101
101
101
38
39
39
39
40
40
40
41
41
41
42
42
42
43
100
100
54
54
55
55
55
56
56
99
99
99
98
98
98
56
57
57
97
97
97
96
96
96
95
95
95
94
94
94
100
159
41
230
157
227
47
46
46
46
45
45
45
44
44
44
228
56
56
57
57
57
58
58
58
43
43
42
42
59
59
42
228
228
159
159
158
158
158
99
99
41
229
99
100
100
59
60
60
60
61
61
61
100
62
62
62
229
101
101
101
102
102
102
103
229
73
73
103
103
104
104
104
74
74
74
75
75
75
76
76
76
77
77
77
105
105
230
105
98
43
92
108
97
96
96
96
95
95
94
94
94
102
102
102
103
103
103
104
104
104
105
105
93
93
93
95
76
76
75
75
75
62
62
63
63
63
105
106
106
106
107
107
108
92
97
101
101
101
100
100
100
99
99
99
98
98
98
97
74
74
64
64
64
65
65
65
66
66
66
67
67
67
68
68
68
69
69
69
70
70
70
71
71
72
72
72
73
73
73
74
36
45
44
62
44
58
44
36
43
43
43
59
61
37
42
89
42
42
41
41
41
40
40
40
39
39
39
105
38
38
59
59
60
60
60
61
61
38
37
81
82
82
82
83
37
104
104
104
103
103
103
97
97
96
96
96
87
88
88
88
89
83
87
87
86
86
85
97
98
98
98
99
99
99
100
100
100
101
101
101
102
102
102
85
85
84
84
84
83
86
32
28
90
32
77
101
101
100
100
100
99
99
99
98
98
98
97
97
29
29
29
30
30
30
31
31
31
76
97
96
96
96
95
95
95
94
94
94
93
93
93
92
92
92
91
91
91
90
62
62
63
63
63
64
64
64
65
65
65
66
66
66
67
67
68
68
68
69
69
69
70
70
70
71
71
72
72
72
73
73
73
74
74
74
75
75
75
76
76
67
80
58
83
36
54
36
36
37
37
37
38
38
38
43
55
39
80
81
81
81
82
82
82
39
39
40
40
40
41
41
41
42
42
42
43
91
43
44
44
55
55
56
56
56
57
57
57
44
45
45
45
46
91
92
92
101
102
102
102
103
103
103
92
58
93
101
101
100
100
100
99
99
99
98
93
98
97
97
97
96
96
96
95
95
95
94
94
94
93
98
71
103
40
83
48
47
47
47
41
95
46
46
46
102
102
103
41
41
103
102
101
40
71
82
82
82
83
83
48
48
96
45
42
42
72
72
72
73
73
96
42
95
96
97
81
81
43
43
43
44
44
44
45
45
101
74
73
97
101
97
98
81
74
100
100
99
100
99
99
98
98
80
80
80
79
79
79
78
78
77
77
77
76
76
76
75
75
75
74
78
457
1298
451
1300
105
1300
1299
453
453
453
452
94
93
454
454
452
452
454
455
47
455
46
455
456
456
37
38
457
105
1300
1299
1299
456
104
99
98
98
98
97
97
97
96
94
96
94
99
95
95
95
96
38
38
39
39
40
40
40
41
46
46
45
45
45
41
41
44
44
42
99
100
100
100
101
101
101
102
102
44
43
102
103
103
103
104
104
43
43
42
42
39
118
88
117
88
117
117
88
89
89
90
89
116
116
116
115
90
101
101
102
102
102
103
103
101
104
104
104
105
105
105
106
106
106
107
107
108
108
108
109
109
109
110
110
110
111
111
111
112
112
112
113
113
113
114
114
114
115
115
100
100
100
99
99
99
98
98
98
97
97
97
96
96
96
95
95
95
94
94
94
93
93
93
92
92
92
91
91
91
90
103
560
558
560
559
457
559
559
106
443
107
106
455
455
455
445
444
444
457
456
444
456
107
119
120
120
456
445
445
454
454
454
453
119
119
118
118
118
117
117
117
116
116
116
115
115
115
114
114
114
113
113
113
112
112
112
111
111
111
110
110
110
109
109
109
108
108
108
453
452
452
452
451
451
451
450
450
450
449
449
449
448
448
448
447
447
447
446
446
446
453
433
117
100
438
434
434
121
438
437
434
438
129
435
436
437
437
121
127
128
128
128
121
122
116
116
101
436
436
435
435
101
127
122
127
126
122
123
112
111
111
111
110
110
112
109
109
109
108
108
108
107
107
106
106
106
112
113
113
113
114
114
114
115
115
115
105
105
105
104
104
104
103
103
103
102
102
102
101
116
126
126
125
125
125
124
124
124
123
123
110
549
531
550
552
513
518
522
550
551
551
552
550
518
517
551
517
514
514
514
517
530
522
522
516
529
528
525
528
528
527
515
525
515
516
516
515
523
523
523
524
524
524
525
529
529
530
530
100
100
101
112
112
113
527
527
526
526
526
101
111
111
111
112
102
102
101
110
102
103
103
103
104
104
104
105
105
105
106
106
107
107
108
108
108
109
109
109
110
110
106
112
82
82
111
111
111
82
110
83
83
83
85
85
84
84
84
109
109
109
110
110
108
108
108
107
107
106
106
106
105
105
104
104
104
103
103
103
102
102
102
101
101
101
100
100
100
99
99
99
98
98
98
97
97
97
96
96
96
95
95
95
94
94
94
93
93
93
92
92
92
91
91
91
90
90
90
89
89
89
88
88
88
87
87
87
86
86
86
85
105
189
195
190
190
86
195
189
194
110
194
190
194
191
191
193
193
191
193
108
108
108
107
107
192
106
89
89
192
109
109
109
89
88
88
88
87
87
87
86
192
106
105
90
90
90
91
91
91
92
92
92
93
93
93
94
94
94
95
95
95
96
96
96
97
97
97
98
98
98
99
99
99
100
100
100
101
101
101
102
102
102
103
103
103
104
104
104
105
105
106
71
106
94
105
105
104
104
104
103
103
103
102
102
88
88
88
106
87
89
73
73
72
72
72
105
97
97
97
96
96
96
95
95
95
94
73
98
98
98
99
99
99
100
74
101
101
101
102
87
100
76
76
77
77
77
78
78
78
79
79
79
80
80
80
81
81
81
82
82
82
83
83
83
84
84
84
85
85
85
86
86
86
87
76
75
75
75
74
100
74
68
160
151
69
89
89
70
160
159
159
151
152
69
88
69
70
70
71
71
72
72
72
73
73
73
74
74
74
75
75
75
76
76
76
77
77
77
78
78
78
79
79
79
80
80
80
81
81
81
82
82
82
83
83
83
84
84
84
85
85
85
86
86
86
87
87
87
88
88
159
158
158
158
157
157
157
156
156
156
155
155
155
154
154
154
153
153
152
152
153
66
148
86
158
67
148
157
149
149
158
158
85
67
67
68
68
68
85
157
149
150
150
157
85
151
151
152
151
150
69
69
155
156
156
156
84
69
76
76
77
77
77
78
78
78
79
79
79
80
80
80
81
81
81
82
82
82
83
83
83
84
84
76
75
75
74
74
74
73
73
73
72
72
72
71
71
70
70
70
152
152
153
153
153
154
154
154
155
155
75
122
89
147
146
170
106
90
90
89
89
147
97
97
63
63
97
75
113
113
90
106
110
110
111
109
64
110
74
64
65
74
74
65
106
91
91
91
92
92
92
93
107
108
107
93
93
94
94
94
95
95
95
96
96
96
112
75
64
108
112
111
111
108
112
109
69
65
66
66
66
67
67
67
68
68
68
73
73
73
72
72
72
71
71
70
109
70
70
69
69
356
349
54
355
349
146
355
66
349
350
355
156
354
147
147
147
148
148
148
54
54
55
55
55
56
56
57
57
57
58
58
58
354
354
353
353
353
352
352
352
59
59
59
60
60
60
61
61
61
62
62
62
63
63
63
64
64
64
65
65
65
66
156
155
155
155
154
154
154
153
153
153
152
152
152
151
151
151
150
150
149
351
351
351
350
350
149
149
150
56
85
126
83
126
83
84
85
84
84
83
99
100
99
125
125
125
126
124
124
100
124
123
100
123
101
101
123
122
122
121
121
101
102
122
102
102
120
120
120
119
119
104
103
103
103
121
119
113
110
109
109
109
108
108
108
107
107
106
106
106
105
105
105
104
104
110
110
118
118
111
111
111
112
112
118
117
117
117
116
116
116
115
115
115
114
114
114
113
113
112
98
98
49
111
98
99
65
99
99
100
111
110
64
49
49
65
64
64
100
100
