220
92
91
91
231
219
220
219
221
81
219
221
217
218
218
218
217
217
216
216
216
215
215
79
221
222
222
222
223
223
223
224
224
224
225
225
225
226
226
226
227
227
227
228
228
228
229
229
229
230
230
230
214
214
214
213
213
213
212
212
212
211
211
211
77
77
76
76
76
75
75
75
210
210
210
209
209
77
78
74
74
74
73
78
78
79
80
80
80
79
45
89
82
82
89
89
45
88
67
83
45
46
46
46
47
47
47
48
48
48
49
49
49
50
50
50
51
51
51
52
52
52
53
53
53
54
54
54
55
55
55
56
56
56
57
57
57
58
58
58
59
59
59
60
60
60
61
61
61
62
62
62
63
63
63
64
64
64
65
65
66
66
66
83
83
84
84
84
85
85
85
86
86
86
87
87
87
88
88
65
84
104
84
103
103
102
102
102
101
101
101
100
100
100
99
99
99
98
98
98
97
97
97
96
96
55
55
56
56
56
57
57
57
58
58
58
59
59
59
60
60
60
61
61
61
62
62
62
63
63
63
64
64
72
72
73
73
73
74
74
74
75
75
75
76
76
76
77
77
77
78
78
78
79
79
79
80
80
80
81
81
81
82
82
82
83
83
83
84
103
110
45
97
46
46
46
45
87
52
52
52
51
97
98
98
98
99
109
109
99
88
106
106
105
105
105
104
104
106
103
103
103
102
102
102
101
101
101
100
100
100
99
107
107
108
108
108
109
47
47
97
96
51
51
50
50
96
96
95
95
95
94
94
50
49
49
49
48
94
93
93
93
92
92
92
91
91
91
90
90
90
89
89
89
88
88
48
48
47
104
100
97
83
69
38
99
98
98
99
99
98
59
58
83
83
69
58
55
55
55
38
46
70
82
82
82
81
81
81
80
80
80
79
79
79
78
78
78
77
77
39
39
39
40
40
40
41
41
41
42
42
42
43
43
43
44
44
44
45
45
45
46
46
76
76
76
75
75
75
56
56
56
57
57
57
58
74
74
74
73
73
73
72
72
72
71
71
70
70
77
105
72
60
51
99
99
99
100
100
100
101
101
101
102
102
102
103
103
103
104
104
104
105
105
98
98
78
78
77
77
77
76
98
97
97
81
81
97
96
96
96
95
95
95
82
52
52
52
53
53
53
54
54
54
55
55
55
56
56
56
57
57
57
58
58
58
59
59
59
60
78
79
79
79
82
76
76
75
75
75
74
74
74
73
73
73
80
80
80
81
141
140
141
140
140
58
106
59
59
59
60
60
60
171
171
170
170
170
169
169
169
168
168
168
61
69
93
77
58
69
106
105
105
105
104
104
104
103
103
103
102
102
102
101
101
101
100
100
100
99
99
98
98
98
97
97
97
96
96
70
71
70
96
95
95
95
94
94
94
93
93
71
72
72
72
77
76
76
76
75
75
75
70
74
74
74
73
73
73
99
93
36
84
48
79
105
84
80
36
47
45
38
38
37
37
37
36
45
46
46
95
83
46
47
105
105
104
104
104
103
82
82
81
81
81
80
80
47
82
84
83
94
94
94
95
95
83
96
38
39
39
39
40
40
40
41
41
41
42
42
42
43
43
43
44
44
44
45
103
103
102
102
101
101
101
100
100
100
99
99
99
98
98
98
97
97
97
96
96
102
68
68
75
88
69
74
69
69
74
73
73
74
71
71
70
70
70
112
89
73
89
89
90
90
90
91
91
91
110
110
110
111
111
72
72
72
111
109
109
93
92
92
92
109
108
93
108
93
98
99
99
99
100
100
100
101
101
101
102
102
102
103
103
103
104
104
104
105
105
105
106
106
106
107
107
108
98
98
97
97
97
96
96
96
95
95
95
94
94
94
62
92
48
92
62
61
107
48
92
93
61
61
106
48
60
93
106
93
49
49
50
50
94
95
95
105
105
105
106
49
60
94
58
59
94
59
60
59
95
104
50
96
58
58
104
104
103
103
103
102
102
102
101
101
101
100
100
100
99
99
99
98
98
98
97
97
97
96
57
51
51
51
52
52
52
53
53
53
54
54
54
55
55
55
56
56
56
57
57
96
117
64
47
69
68
69
53
112
106
64
65
48
48
117
96
96
48
49
49
49
50
50
50
51
51
51
66
66
65
65
66
67
103
103
52
104
104
105
105
105
106
67
52
67
52
53
68
68
95
95
95
94
94
94
96
112
112
113
113
113
114
114
114
115
115
115
116
116
116
117
104
97
97
103
102
102
102
101
101
101
100
100
100
99
99
99
98
98
97
98
57
112
93
53
117
57
104
33
56
53
112
56
103
116
116
116
94
43
113
34
113
54
54
54
55
55
55
56
113
34
34
114
35
94
114
95
95
95
96
96
96
97
97
97
98
98
98
99
99
99
100
100
100
101
114
115
115
115
35
36
36
36
101
101
102
102
102
103
103
37
37
37
38
38
38
39
39
39
40
40
40
41
41
41
42
42
42
43
43
94
40
38
38
39
39
39
40
55
108
86
104
104
103
105
105
105
106
106
106
107
107
103
103
102
102
102
101
101
101
100
100
100
99
99
99
98
98
98
97
97
97
96
96
96
95
95
95
94
94
94
93
93
49
50
50
50
51
51
51
52
52
52
53
53
53
54
54
54
93
92
92
92
91
91
91
90
90
90
89
89
89
88
88
88
87
87
87
86
86
104
196
195
166
166
187
186
186
186
185
185
185
187
187
188
188
188
189
189
189
166
167
167
167
168
176
175
175
175
174
174
174
173
173
173
172
172
171
171
171
170
170
170
169
169
169
168
168
190
190
190
191
191
191
192
192
192
193
193
193
194
194
194
195
195
172
176
184
184
184
183
183
183
182
182
182
181
181
181
180
180
180
179
178
178
178
177
177
177
176
179
196
210
94
110
196
109
196
95
95
94
209
209
209
109
197
109
197
108
108
107
107
106
208
208
208
207
207
207
206
206
206
205
106
106
105
105
105
104
104
104
103
103
103
102
102
102
101
101
101
100
100
100
99
99
99
98
98
98
97
97
97
96
96
205
205
204
204
204
203
203
203
202
202
202
201
201
201
200
200
96
95
197
200
199
199
199
198
198
198
108
115
111
76
70
104
98
81
81
76
75
75
75
99
115
99
114
114
114
113
113
113
112
112
112
104
103
103
72
72
71
94
94
71
70
98
103
74
74
99
100
74
73
73
73
72
102
93
102
102
101
101
101
100
100
93
93
92
92
92
91
91
91
90
90
90
89
89
89
88
88
87
87
87
86
86
86
85
85
85
84
84
84
83
83
83
82
82
82
81
88
81
186
186
97
173
172
185
82
184
81
176
175
175
95
96
96
175
174
174
174
173
173
96
182
182
182
183
183
183
184
97
184
185
185
82
82
181
181
181
180
180
180
179
179
178
178
95
95
94
94
94
93
93
93
92
92
92
91
91
91
90
86
86
85
85
85
84
84
84
83
83
178
177
177
177
176
176
83
86
87
87
88
88
88
89
89
89
90
90
87
110
129
96
96
96
97
97
97
98
98
98
145
144
95
95
144
144
143
99
99
164
164
99
165
165
166
166
166
100
110
110
80
80
81
81
81
82
133
175
175
176
176
176
177
177
177
178
178
178
179
179
180
180
180
181
181
181
133
133
82
82
83
83
83
84
84
84
85
132
132
132
131
131
131
130
130
85
85
86
86
86
87
87
87
88
88
88
89
130
165
174
160
74
173
174
174
89
160
160
161
171
171
171
172
172
173
75
173
89
172
170
88
77
77
76
76
76
75
75
88
88
87
87
87
86
86
78
86
85
85
85
161
161
162
162
162
163
163
163
164
164
164
165
165
165
166
166
166
167
167
167
168
168
168
169
169
169
170
170
84
84
84
83
83
83
82
82
82
81
81
81
80
80
80
79
79
79
78
78
77
115
68
92
159
137
157
110
132
84
158
63
102
157
158
158
68
114
114
84
133
102
99
68
111
137
136
64
99
110
92
133
67
112
136
136
135
111
111
135
102
101
101
113
113
114
101
100
100
67
100
99
133
134
65
64
134
134
64
67
135
85
66
66
66
113
112
112
85
65
65
92
91
85
91
90
86
86
86
87
87
87
88
88
88
89
89
91
90
90
89
84
69
163
163
148
83
84
161
162
162
162
70
148
149
75
75
75
76
149
76
76
77
77
77
78
78
78
79
79
79
80
80
80
81
81
81
82
74
74
82
82
83
161
161
74
73
73
160
160
160
159
159
159
158
158
158
157
157
83
157
156
152
152
151
156
151
156
155
155
155
154
154
154
153
153
153
152
73
151
150
150
150
72
149
70
70
71
71
72
72
162
80
178
170
97
113
92
93
79
178
170
71
93
93
94
178
79
171
79
96
96
177
97
106
170
106
112
112
72
94
72
171
177
94
95
95
95
96
78
171
106
72
172
172
172
173
173
173
174
174
174
175
175
175
176
176
176
177
78
107
77
78
112
111
111
73
73
73
111
110
110
74
74
74
75
75
75
110
109
109
109
108
108
108
107
76
76
76
77
77
107
112
100
107
88
69
111
108
111
70
108
99
82
111
108
110
110
110
109
82
