59
58
60
60
58
54
54
55
55
55
56
56
52
57
57
57
58
36
54
53
53
37
53
52
60
61
61
61
62
62
62
63
63
63
64
64
64
65
65
38
37
37
36
35
56
35
34
36
52
51
38
38
39
39
39
40
40
40
41
41
41
42
42
42
43
43
44
44
44
45
45
45
46
46
46
47
47
47
48
48
48
49
49
49
50
50
50
51
51
43
79
56
75
76
66
57
78
89
78
105
76
66
65
65
65
64
64
64
63
76
77
77
77
78
63
63
62
62
62
61
61
61
60
60
60
59
59
59
58
58
89
90
90
90
91
91
91
92
92
92
93
93
93
94
94
94
95
101
101
102
102
102
103
103
103
104
104
104
58
57
57
105
101
98
98
98
97
97
97
96
96
96
95
95
99
99
99
100
100
100
103
61
84
77
36
78
40
94
41
52
52
102
60
84
36
78
102
60
60
95
79
78
53
36
83
40
83
102
37
101
101
101
100
100
100
99
99
99
98
98
98
97
55
56
56
56
57
57
57
58
58
58
59
59
59
97
97
96
96
95
95
55
55
80
80
80
79
79
54
54
54
53
53
81
81
81
82
82
82
83
37
37
38
38
38
39
39
39
40
96
50
108
53
41
50
59
54
50
54
49
54
107
59
55
59
41
55
58
94
49
107
55
49
42
94
58
56
57
106
58
48
48
57
57
56
56
42
48
94
42
106
43
43
43
44
46
106
105
105
105
44
44
45
47
47
45
95
95
95
45
47
46
46
96
104
104
103
103
103
102
102
102
101
101
101
100
100
100
99
99
99
98
98
98
97
97
97
96
96
104
106
71
49
93
68
68
70
113
71
113
117
68
41
117
70
49
70
69
69
115
115
69
116
116
116
117
104
100
100
115
101
101
101
41
100
99
99
99
114
41
42
42
42
43
43
43
102
102
102
103
103
103
104
44
44
98
45
45
45
46
46
46
47
47
47
48
48
48
49
105
105
114
114
105
104
94
94
94
95
95
95
96
96
96
97
97
97
98
98
44
72
80
105
111
72
118
118
73
73
73
74
74
74
75
75
75
76
76
76
77
77
77
78
78
78
79
79
79
91
91
91
92
92
92
93
93
93
94
94
94
95
95
95
96
96
96
97
97
97
98
98
98
99
99
99
100
100
100
101
101
101
102
102
102
103
103
103
104
104
111
111
112
112
112
113
113
113
114
114
114
115
115
115
116
116
116
117
117
117
104
48
64
97
59
60
54
54
106
71
72
65
48
65
65
106
41
59
59
71
54
47
47
47
66
66
66
67
67
55
55
55
56
56
56
57
57
57
58
58
42
41
98
98
98
69
69
70
58
70
70
105
69
101
102
102
102
103
103
103
104
104
104
105
105
101
101
100
100
100
99
99
99
46
46
46
45
45
45
44
44
44
43
43
43
42
42
67
68
68
68
86
472
476
100
474
476
474
473
473
476
475
188
188
475
473
178
472
475
86
100
178
474
188
86
178
179
179
180
180
180
181
181
181
182
182
182
183
183
183
184
184
184
185
185
186
186
186
187
187
187
87
87
87
88
88
88
89
89
89
90
90
90
91
91
91
92
92
92
93
93
93
94
94
94
95
95
95
96
96
96
97
97
97
98
98
98
99
99
99
185
209
94
109
208
194
94
95
95
94
108
95
108
109
208
208
207
207
195
206
107
195
195
196
196
196
207
108
206
198
198
197
197
197
106
106
96
204
204
205
96
205
106
205
96
206
107
97
198
199
97
203
204
105
199
203
103
104
104
103
104
105
202
199
200
200
200
201
201
100
203
202
202
97
98
98
98
99
103
102
102
99
99
100
105
201
100
102
101
101
101
100
479
475
191
477
476
181
478
478
478
476
476
477
190
190
181
477
100
84
181
190
182
182
182
183
183
183
184
184
184
185
185
85
85
85
86
86
86
87
87
87
88
88
88
89
89
89
90
90
90
91
91
91
92
92
92
93
93
93
94
94
94
95
95
95
96
96
96
97
97
97
98
98
98
99
99
99
186
186
186
187
187
187
188
188
188
189
189
189
185
185
544
98
540
184
543
184
83
544
542
175
543
541
541
540
540
543
541
175
175
176
176
176
177
177
177
178
178
178
179
179
180
180
180
181
542
542
90
97
97
97
96
96
96
95
95
95
94
94
94
93
93
93
184
183
183
183
182
92
92
92
91
91
182
182
181
181
91
90
83
83
84
84
84
85
85
85
86
86
86
87
87
87
88
88
88
89
89
89
90
64
89
100
64
64
65
74
65
177
83
66
65
183
108
107
107
106
101
101
101
75
75
82
83
94
93
93
93
177
177
178
178
178
179
89
89
90
90
181
181
181
182
182
182
92
180
180
180
179
106
106
105
105
105
104
92
104
103
103
103
102
102
102
75
76
76
76
77
77
77
78
78
78
79
79
79
80
80
80
81
81
81
82
82
90
91
91
91
92
104
79
185
93
169
92
185
170
87
170
79
80
80
80
81
81
81
82
82
82
83
83
83
84
84
84
85
85
85
86
86
86
87
92
92
91
91
91
90
90
90
89
89
89
88
88
88
185
184
184
184
183
183
183
182
182
182
181
181
181
180
180
180
179
179
178
178
178
177
177
177
176
176
176
175
175
175
174
174
174
173
173
173
172
172
172
171
171
171
170
87
90
181
172
70
172
181
90
180
181
70
173
173
76
76
77
77
77
78
78
78
79
79
79
80
80
80
81
81
81
82
82
82
83
83
83
84
84
84
85
85
76
86
86
86
87
87
87
88
88
88
89
89
89
90
75
75
75
74
74
74
73
73
73
72
173
174
174
174
175
175
175
176
176
176
177
177
177
178
178
178
179
179
180
180
72
72
71
71
70
85
72
146
165
82
165
81
81
80
80
81
164
164
164
163
163
163
162
162
162
161
161
161
160
160
160
159
159
159
158
158
158
157
157
157
78
156
156
155
155
155
154
154
154
153
153
153
152
152
152
151
151
151
150
150
150
149
149
149
148
148
148
147
147
147
80
79
82
82
79
79
78
74
73
73
73
72
72
74
74
75
75
75
76
76
76
77
77
77
78
156
128
59
196
130
128
66
146
158
142
129
195
194
194
194
193
195
60
158
192
191
146
65
65
191
146
167
191
190
190
190
159
159
158
60
60
189
145
145
145
144
144
144
143
143
59
195
168
129
167
129
65
192
192
193
167
64
162
159
160
160
160
161
64
64
63
63
193
63
62
62
62
61
61
61
161
166
166
166
165
165
165
164
164
164
163
163
163
162
162
161
146
96
362
377
142
94
95
94
94
93
362
363
363
95
377
377
376
376
363
364
364
364
365
365
143
143
142
96
89
89
89
144
144
365
366
144
145
145
145
146
146
95
96
376
375
375
375
88
88
88
87
87
374
374
374
373
142
93
90
90
370
93
92
92
92
366
366
367
367
367
368
91
91
91
368
368
369
369
369
90
373
373
372
372
372
371
371
371
370
370
143
144
143
144
144
115
113
114
114
90
113
78
79
99
99
99
114
113
112
101
101
101
102
100
100
100
90
90
89
80
79
79
105
105
106
106
106
107
107
108
108
108
109
109
109
110
110
110
111
111
111
112
112
105
104
104
104
103
103
103
102
102
89
89
88
88
87
87
87
86
86
86
85
85
85
84
84
84
83
83
83
82
82
82
81
81
81
80
80
88
100
236
81
48
76
234
236
184
76
235
234
235
55
235
100
93
77
77
81
49
80
99
99
99
98
98
98
97
97
97
96
80
96
177
177
177
178
178
178
179
179
180
180
180
181
181
181
182
182
182
183
183
183
184
184
95
95
95
94
94
49
49
50
50
50
51
51
51
52
52
52
53
53
53
54
54
54
55
55
94
93
77
78
78
78
79
79
79
80
96
170
176
159
170
150
176
175
171
171
175
159
188
171
175
172
174
172
174
174
202
173
151
172
173
191
191
191
190
190
202
201
173
201
200
200
190
200
199
189
189
189
188
151
151
152
152
152
153
153
153
154
154
154
155
155
155
156
156
156
157
157
157
158
158
158
188
201
199
192
199
192
197
197
198
198
198
197
196
196
196
195
195
194
194
194
193
193
193
192
195
114
74
113
72
72
72
71
71
70
70
70
69
94
94
61
61
169
169
169
170
170
170
73
171
61
171
172
172
172
173
173
173
174
40
40
41
41
41
103
103
69
69
68
68
73
73
171
68
67
67
67
66
66
66
65
65
102
102
102
101
101
65
64
64
64
63
63
63
62
101
100
100
100
99
99
99
98
98
97
97
97
96
96
96
95
62
62
95
95
98
99
238
224
206
232
104
238
206
99
206
233
237
233
100
224
104
207
237
210
209
209
209
208
208
208
207
207
210
210
213
216
215
215
214
214
214
213
212
212
237
236
236
236
235
235
235
234
234
234
233
101
101
101
102
102
216
216
217
217
217
218
218
218
219
219
219
220
220
100
100
102
103
103
103
213
220
221
221
221
222
222
222
223
223
223
104
211
211
211
212
0
0
0
0
0
0
0
0
0
0
0
0
0
0
0
0
0
0
0
0
