225
96
225
216
216
225
216
54
105
224
224
217
96
105
224
223
97
223
223
222
222
222
219
218
218
218
217
217
53
43
104
219
102
103
103
103
104
104
102
102
101
101
100
100
100
99
99
99
98
98
98
97
97
221
221
221
220
220
220
219
46
46
46
47
47
47
48
48
48
49
49
49
50
50
53
45
45
45
44
44
44
53
52
50
51
51
51
52
52
101
52
53
116
113
85
52
63
82
82
81
81
81
63
92
82
83
113
113
114
114
114
115
115
115
116
83
84
104
84
84
71
71
52
85
92
83
103
103
103
102
94
93
93
93
65
70
70
70
69
69
69
68
66
64
64
64
65
65
66
66
67
67
67
68
68
94
94
95
95
95
96
96
96
97
97
97
98
98
98
99
99
99
100
100
101
101
101
102
102
100
163
152
150
62
62
63
63
150
151
85
85
151
151
152
152
63
66
66
87
65
64
64
64
65
86
86
87
87
65
86
107
107
106
85
88
91
91
92
92
92
93
93
93
94
94
94
95
95
95
96
96
96
97
97
97
98
98
106
98
99
99
99
100
100
91
90
90
90
89
89
89
88
88
100
101
101
101
102
102
102
103
103
103
104
104
104
105
105
105
106
69
80
70
70
83
71
81
81
84
70
69
69
71
83
103
103
103
95
34
95
47
94
94
104
104
36
35
35
34
34
47
46
46
46
81
82
82
82
83
95
45
41
41
41
42
42
40
45
40
40
43
43
43
44
39
39
39
38
38
38
96
96
96
97
97
97
98
98
98
99
99
99
100
100
100
101
101
101
102
102
102
37
37
37
36
36
44
44
45
42
275
178
89
181
114
114
180
115
115
181
181
180
180
90
179
179
178
178
90
89
112
114
113
113
113
109
110
110
108
112
108
108
111
111
111
112
110
109
109
107
98
98
98
97
107
99
99
100
100
100
101
101
101
102
102
97
97
96
96
96
95
95
95
94
94
94
102
103
103
103
104
104
104
93
93
93
92
92
92
91
91
91
90
105
105
105
106
106
106
99
60
87
106
53
53
60
59
93
106
78
53
79
79
79
78
58
58
54
58
55
54
57
94
85
86
86
59
59
57
57
56
54
105
105
106
56
56
94
86
55
55
94
85
85
80
80
104
105
80
95
84
95
95
96
96
96
97
97
97
98
98
98
99
99
99
100
100
100
101
101
101
102
102
103
103
103
104
104
84
81
81
81
82
82
82
83
83
83
84
102
77
125
125
76
109
77
47
93
59
93
47
48
48
48
94
59
58
58
108
108
108
58
93
57
50
50
49
49
49
106
106
94
94
95
107
56
56
56
57
57
107
50
55
55
55
54
54
54
53
53
53
52
52
52
51
51
51
104
106
95
95
96
96
96
97
97
97
98
98
98
105
105
105
99
99
99
100
100
100
101
101
101
102
102
102
103
103
103
104
104
89
47
47
48
47
46
59
90
49
50
89
89
90
59
106
66
66
51
50
106
50
60
66
90
49
48
48
49
105
60
91
64
64
63
63
63
62
62
65
64
65
65
91
92
62
61
61
61
60
104
104
105
92
105
91
92
93
96
95
95
95
94
94
94
93
101
101
102
96
96
102
102
103
103
103
104
93
101
99
98
98
98
97
97
97
100
100
99
99
100
108
108
78
108
79
79
79
80
80
106
80
107
107
106
81
81
81
105
106
105
104
105
82
82
82
104
104
102
102
101
101
101
100
100
100
99
99
99
98
98
98
97
97
97
96
96
96
95
95
87
95
94
94
94
93
93
93
92
92
92
91
91
91
90
90
90
89
89
103
89
88
88
88
87
83
83
83
84
84
84
85
85
85
86
86
86
102
103
103
87
401
193
106
107
206
206
207
206
195
207
107
108
401
92
93
93
93
194
194
194
195
205
94
95
95
94
105
105
105
205
94
203
203
197
197
197
196
196
204
195
196
204
204
106
205
106
198
100
100
99
99
99
100
101
101
101
102
102
102
103
103
103
104
104
104
198
198
98
98
98
97
97
96
96
96
95
199
199
199
200
200
200
201
201
201
202
202
202
203
97
104
169
188
192
177
177
177
176
176
176
175
171
171
170
170
170
169
104
104
103
103
103
102
102
102
101
101
101
100
92
92
92
82
81
81
81
188
188
189
189
189
190
190
190
191
191
191
192
192
171
175
175
174
174
174
173
173
173
172
172
91
91
91
90
90
90
89
89
89
88
88
88
87
87
87
86
86
86
85
85
85
84
84
84
83
83
83
82
82
172
475
191
471
474
472
472
474
474
473
472
473
181
181
182
182
182
183
183
181
180
94
94
473
180
91
91
91
90
180
183
184
184
184
185
185
185
186
186
186
187
187
187
188
188
188
189
189
189
190
190
190
191
191
179
95
92
99
99
99
98
98
98
97
90
90
97
92
97
89
89
89
88
88
88
87
87
87
86
86
86
92
93
93
96
96
93
96
95
95
94
183
180
57
182
62
67
88
57
182
182
61
181
180
181
61
181
73
88
88
87
87
87
86
86
86
85
85
85
84
84
84
83
83
83
82
82
82
81
81
81
80
80
80
79
79
79
78
78
78
77
77
77
76
76
76
75
75
75
74
74
74
73
57
58
58
58
59
59
59
60
60
60
61
67
67
68
68
68
69
69
69
70
70
70
71
71
72
72
72
73
93
163
176
176
175
175
175
174
174
93
93
92
92
174
91
91
91
90
90
90
89
89
89
88
88
88
87
87
87
86
86
86
85
85
85
84
84
84
83
83
83
82
82
82
81
81
81
80
80
80
79
173
173
173
172
172
172
171
171
171
170
176
177
177
177
178
178
170
170
169
169
169
168
168
168
167
167
167
166
166
166
165
165
165
164
164
164
163
163
92
99
99
101
98
100
101
96
95
96
70
96
97
71
101
100
100
97
71
97
95
95
75
75
75
74
74
74
73
73
73
72
72
72
89
90
90
90
91
91
91
92
92
92
93
93
93
94
94
94
89
89
88
88
88
87
87
87
86
86
86
85
85
85
84
84
83
83
83
82
82
82
81
81
81
80
80
80
79
79
79
78
78
78
77
77
77
76
76
76
84
264
72
122
129
71
122
71
122
129
128
128
72
123
276
264
265
275
275
63
62
62
62
123
63
265
123
70
127
128
63
124
275
126
125
125
125
124
124
126
126
127
274
127
268
268
268
267
267
267
266
266
266
265
269
64
64
64
65
65
65
66
66
66
67
67
67
68
68
68
69
69
69
70
70
272
273
273
273
274
274
272
272
271
271
271
270
270
269
269
270
104
60
60
111
169
53
105
154
111
153
154
53
60
105
110
154
110
110
109
109
54
54
54
168
106
106
106
105
59
59
155
155
59
109
107
160
160
160
159
159
159
158
158
161
158
157
157
157
156
156
156
155
161
161
162
162
162
163
163
108
108
108
163
164
164
164
165
165
166
166
166
107
167
167
167
168
168
58
58
58
57
57
57
56
56
56
55
55
55
165
100
145
158
145
144
144
157
145
144
116
78
155
156
156
109
143
96
58
100
99
66
65
157
99
99
109
109
157
156
98
98
98
97
97
97
96
73
76
74
74
74
75
115
115
115
75
77
77
77
76
58
100
76
64
64
63
63
63
62
62
58
64
65
114
114
114
113
113
112
112
112
62
61
61
61
60
60
111
111
111
110
110
110
65
59
59
59
75
60
113
114
123
112
130
124
73
92
112
112
113
113
113
114
114
131
124
73
91
91
91
90
90
128
74
127
127
127
126
126
126
125
125
125
124
128
128
129
129
129
130
130
73
74
76
76
76
77
77
77
78
78
78
79
90
89
89
89
88
88
88
87
87
87
86
86
86
85
85
85
75
75
75
74
79
82
79
80
80
80
81
81
81
84
84
84
83
83
83
82
82
105
75
104
77
77
77
76
76
76
75
102
102
103
103
103
104
104
102
101
101
78
78
78
101
84
84
85
85
85
86
86
86
87
84
87
88
88
88
89
89
89
83
83
83
82
82
82
81
81
81
80
80
80
79
79
79
95
95
96
96
96
97
97
97
98
98
98
99
99
99
100
100
100
87
90
95
94
94
94
93
93
93
92
92
91
91
91
90
90
92
91
226
103
170
161
91
91
218
226
102
161
169
92
92
169
218
169
168
168
168
167
167
167
166
166
166
165
165
165
164
164
164
163
163
222
163
222
221
162
162
162
222
223
223
223
224
224
224
225
225
225
226
92
93
221
221
220
220
93
93
94
94
94
95
95
95
96
96
96
97
97
97
98
98
98
99
99
99
100
220
219
219
100
100
101
101
101
102
102
219
0
0
0
0
0
0
0
0
0
0
0
0
0
0
0
0
0
0
0
0
0
0
0
0
0
0
0
0
0
0
0
0
0
0
0
0
0
0
0
0
0
0
0
0
0
0
0
0
0
0
0
0
0
0
0
0
0
0
0
0
0
0
0
0
0
0
0
0
0
0
0
0
0
0
0
0
0
0
0
0
0
0
0
0
0
0
0
0
0
0
0
0
0
0
0
0
0
0
0
0
0
0
0
0
0
0
0
0
0
0
