105
80
71
80
79
79
79
78
78
78
77
77
77
76
76
76
75
75
75
74
74
74
73
73
43
73
72
72
72
71
80
41
40
41
41
42
42
42
43
58
58
59
59
59
60
60
43
58
57
57
57
56
56
56
55
55
55
54
54
54
53
53
52
52
52
51
51
51
50
50
50
49
49
49
48
48
48
47
47
47
46
46
46
45
45
45
44
44
44
53
193
167
191
169
168
50
51
51
51
52
52
52
53
53
53
54
54
54
55
55
55
56
56
50
50
83
83
84
84
84
85
49
85
86
86
49
49
193
193
169
168
168
89
89
90
90
90
91
91
91
92
92
192
97
97
98
98
98
99
99
99
100
100
100
101
101
101
102
102
102
103
103
103
104
104
104
105
192
192
191
191
85
86
89
88
88
88
87
87
87
51
103
69
76
80
66
68
30
77
66
80
55
98
68
52
68
67
67
66
30
31
31
31
32
32
32
33
33
33
34
34
34
35
35
36
36
36
37
37
37
38
77
77
78
78
78
79
79
79
80
38
38
39
39
39
40
40
40
41
41
41
42
42
42
43
55
54
54
98
98
99
99
99
100
100
100
101
101
101
102
102
102
103
54
53
53
53
52
52
67
58
59
57
59
66
49
57
57
60
60
60
66
91
56
55
55
55
64
56
64
56
61
63
104
104
49
63
49
63
92
64
65
92
65
65
66
62
62
50
61
61
50
62
54
95
95
93
95
94
92
53
53
93
53
54
54
94
94
101
103
103
96
96
93
52
96
52
52
97
103
97
97
98
98
98
99
51
51
51
50
99
99
100
100
100
102
102
102
101
101
67
128
64
117
123
109
66
66
66
64
64
65
65
65
127
127
127
126
126
91
91
91
92
92
92
93
93
93
94
94
94
95
126
125
125
125
124
101
101
102
102
124
103
103
103
104
104
124
110
110
110
111
111
111
112
112
112
113
113
113
114
114
114
115
115
115
116
116
116
117
117
102
101
95
95
96
96
96
97
97
97
98
98
98
99
99
100
100
100
99
55
91
55
103
37
102
50
38
54
54
54
92
92
102
102
53
53
53
52
52
38
38
52
51
51
51
91
50
49
49
92
39
49
93
101
50
48
40
40
40
39
39
94
48
93
101
101
100
100
100
99
99
99
98
98
98
97
97
97
96
96
96
95
95
95
94
94
41
41
41
42
42
42
43
43
43
44
44
44
45
45
45
46
46
46
47
47
47
48
93
87
51
77
77
57
56
56
76
104
57
86
94
94
94
57
104
51
51
52
52
52
53
53
53
56
55
55
55
54
54
54
58
58
58
86
105
104
86
77
103
95
102
103
102
102
101
101
101
100
100
100
99
99
99
98
98
98
97
97
97
96
96
96
95
95
85
85
85
84
84
84
83
83
83
82
82
82
81
81
81
80
80
80
79
79
79
78
78
78
103
102
51
70
102
51
92
92
70
101
100
100
52
69
69
100
101
101
52
93
93
93
94
52
70
94
53
69
94
95
99
99
99
63
62
97
98
98
98
63
63
64
64
64
65
96
65
65
66
66
66
67
67
67
68
62
62
61
61
61
60
60
60
59
59
59
58
58
58
57
57
57
56
56
56
55
55
55
54
54
54
53
53
68
68
95
97
97
96
96
95
195
205
195
205
195
108
89
205
196
196
204
202
196
197
197
204
197
198
198
198
199
199
199
200
203
203
91
203
200
200
201
108
108
107
202
90
90
90
201
201
202
204
107
104
103
103
103
102
102
102
101
104
104
105
105
105
106
106
106
101
91
91
92
92
92
93
93
93
94
94
94
95
95
95
96
96
96
97
97
97
98
98
98
99
99
99
100
100
100
101
202
104
202
202
187
201
188
104
104
90
200
200
200
188
188
189
103
90
201
201
91
189
189
199
199
199
198
190
91
103
91
103
198
190
190
198
197
92
102
197
100
101
100
197
196
196
196
195
195
195
194
194
194
193
193
193
192
192
192
191
191
92
92
93
93
93
94
94
94
95
95
95
96
96
96
97
97
97
98
98
98
191
101
101
102
102
99
99
99
100
482
86
191
184
98
482
191
472
185
185
186
186
186
187
187
187
188
188
188
189
189
189
190
190
190
185
184
480
479
95
95
96
479
480
482
479
481
96
96
97
95
94
89
89
88
88
88
87
97
97
480
481
86
87
87
478
478
478
477
477
477
476
476
476
475
475
475
474
474
474
473
473
473
472
481
89
90
90
91
93
93
93
94
94
90
91
92
92
92
91
95
69
90
99
164
164
164
163
162
162
161
161
99
99
95
95
69
161
163
79
98
98
98
97
97
97
96
96
96
90
89
89
89
88
162
163
88
88
87
87
87
86
86
86
85
85
85
84
84
84
83
83
83
82
82
82
81
81
81
80
80
70
70
70
71
71
72
72
72
73
73
73
74
74
74
75
75
75
76
76
76
77
77
77
78
78
78
79
79
80
80
168
182
182
169
95
80
170
170
170
171
82
82
93
94
94
94
95
95
169
180
182
181
181
181
180
93
180
179
179
178
178
81
172
81
81
171
171
172
172
169
80
82
177
177
173
173
173
177
178
93
92
83
174
87
86
86
86
85
85
85
84
84
84
83
83
87
87
88
88
88
89
174
174
175
175
175
176
176
176
92
92
91
91
91
90
90
90
89
89
66
68
56
65
65
61
61
60
60
60
59
59
59
61
58
83
84
84
84
85
85
85
86
86
86
87
87
87
88
88
88
62
62
62
63
63
63
64
64
64
65
75
75
75
74
74
58
57
57
57
74
73
73
73
72
72
72
71
71
70
70
70
69
69
69
68
58
76
83
83
82
82
82
81
81
81
80
80
79
79
79
78
78
78
77
77
77
76
76
80
173
158
173
75
159
75
75
160
89
160
159
159
173
172
172
172
89
171
171
170
76
76
160
161
88
171
161
162
162
162
163
161
170
170
169
76
169
169
88
88
77
77
82
82
82
83
83
83
84
84
84
85
85
85
86
86
86
87
87
87
81
81
81
80
80
80
79
79
79
78
78
163
163
164
164
164
165
165
166
166
166
167
167
167
168
168
168
78
77
165
80
131
120
129
142
130
131
76
79
131
130
147
77
78
78
78
79
79
142
142
77
77
76
56
130
120
114
115
115
147
68
120
119
58
119
119
118
59
59
59
58
60
60
118
58
67
147
146
146
118
117
117
117
116
146
145
145
145
144
144
116
116
115
57
57
57
67
144
143
143
67
66
66
66
65
65
65
64
64
64
63
63
63
61
61
61
62
62
62
60
179
177
55
79
79
78
78
78
77
77
77
79
80
80
76
76
76
75
75
74
178
74
74
73
73
73
72
72
72
71
71
70
70
70
69
69
69
68
68
68
67
67
67
66
66
66
65
65
65
64
64
64
63
63
63
62
62
62
164
164
164
163
163
163
162
162
162
161
161
61
178
178
61
61
60
60
60
59
59
59
58
58
58
57
57
57
56
56
56
75
168
160
86
60
60
160
75
91
168
86
167
167
60
61
161
161
167
75
91
91
86
90
64
64
64
65
65
65
66
66
66
67
67
67
68
63
68
69
69
69
70
70
70
63
63
62
62
62
61
61
161
162
162
162
163
163
163
164
164
164
165
165
165
166
166
166
87
87
87
88
88
88
89
89
71
71
72
72
72
73
73
73
74
74
74
75
89
90
90
68
100
56
58
163
58
158
58
57
57
56
162
158
160
161
161
161
162
162
160
159
159
159
158
78
57
99
99
160
87
87
88
88
88
89
89
89
90
87
90
91
91
91
92
92
92
93
93
93
94
94
94
95
95
95
96
96
96
97
97
97
98
98
98
99
86
86
86
85
85
85
84
84
84
83
83
83
82
82
82
81
81
81
80
80
80
79
79
79
78
90
221
219
220
232
220
70
220
169
238
238
237
237
237
202
202
201
201
201
200
200
200
199
199
199
198
198
198
197
197
197
196
196
236
195
195
236
236
235
235
70
71
71
72
72
72
73
73
73
74
74
74
75
75
75
76
76
235
234
234
234
233
233
177
177
177
176
176
176
175
175
175
174
174
174
173
173
173
172
172
172
171
171
171
170
170
170
169
169
233
196
0
0
0
0
0
0
0
0
0
0
0
0
0
0
0
0
0
0
0
0
0
0
0
0
0
0
0
0
0
0
0
0
0
0
0
0
0
0
0
0
0
0
0
0
0
0
0
0
0
0
0
0
0
0
0
0
0
0
0
0
0
0
0
0
0
0
0
0
0
0
0
0
0
0
0
0
0
0
0
0
0
0
0
0
0
0
0
0
0
0
0
0
0
0
0
0
0
0
0
0
0
0
0
0
0
0
0
0
0
0
0
0
0
0
0
0
0
0
0
0
0
0
0
0
0
0
0
0
0
0
0
0
0
0
0
0
0
0
0
0
0
0
0
0
0
0
0
0
0
0
0
0
0
0
0
0
0
0
0
0
0
0
0
0
0
0
0
0
0
0
0
0
0
0
0
0
0
0
0
0
0
0
0
0
0
0
0
0
0
0
0
0
0
0
0
0
0
0
0
0
