221
215
236
214
211
222
222
214
222
214
94
223
223
211
227
227
227
228
228
224
224
224
223
226
226
226
213
225
235
225
228
229
229
229
230
230
213
213
230
236
211
212
212
212
236
225
231
104
104
103
103
103
102
102
102
101
101
101
100
100
100
99
99
99
98
231
98
97
97
97
96
96
96
95
95
95
94
235
235
234
234
234
233
233
233
232
232
232
231
98
38
36
38
36
81
37
37
109
36
37
108
82
108
108
82
87
87
86
87
106
106
106
105
105
105
104
89
89
88
88
107
107
89
90
90
82
83
83
83
84
84
84
85
85
85
86
86
90
91
91
88
104
103
103
104
101
103
102
102
102
101
101
91
92
92
92
93
93
93
94
94
94
95
100
95
95
100
100
99
99
99
98
98
98
97
97
97
96
96
96
33
40
61
33
52
33
40
40
60
39
39
38
38
38
37
37
37
36
106
36
36
53
53
53
35
93
35
93
60
34
34
34
60
39
59
96
94
94
94
54
55
55
55
56
56
93
95
54
54
103
104
104
104
105
105
105
95
96
106
56
57
57
57
58
58
58
59
59
95
96
103
103
102
102
102
101
101
100
100
100
99
97
97
99
99
98
98
98
97
101
53
48
70
95
102
79
40
53
48
78
39
53
96
102
71
31
49
37
37
36
36
36
35
35
34
34
34
33
33
33
32
32
32
31
37
38
38
38
78
77
77
77
76
76
76
75
75
75
39
39
78
52
52
96
96
97
97
97
98
98
98
99
99
99
100
100
100
101
101
101
102
52
51
51
51
50
74
74
73
73
73
72
72
72
71
50
50
49
49
74
55
83
38
47
34
79
54
34
106
37
83
79
83
37
37
54
48
34
35
48
48
106
53
53
54
93
79
80
80
80
81
81
81
82
82
82
36
36
36
35
105
49
49
49
50
50
51
52
52
52
53
94
93
105
50
102
103
103
103
104
104
105
102
102
101
101
101
100
100
100
99
99
99
98
51
51
98
98
97
97
97
96
96
96
95
95
95
94
94
104
57
49
58
264
57
102
102
103
103
57
103
104
104
104
49
48
48
48
47
47
102
101
101
101
100
100
100
99
99
99
98
98
98
97
97
97
96
96
96
47
95
95
95
94
94
94
93
93
93
92
46
46
45
45
45
44
44
44
43
43
43
33
33
33
32
32
32
31
266
266
266
265
265
265
264
92
92
91
31
31
30
30
30
29
29
29
28
28
28
46
70
42
71
71
72
79
70
79
110
46
93
43
102
102
101
101
101
100
100
99
99
99
98
98
98
97
97
97
96
96
96
95
95
95
94
94
94
102
103
110
43
43
44
44
44
45
45
45
46
103
103
104
104
104
79
78
78
78
77
77
77
76
76
76
75
75
75
74
74
74
73
73
73
72
72
105
105
105
106
106
106
107
107
108
108
108
109
109
109
100
94
38
41
38
58
51
41
74
66
38
39
40
52
52
39
39
74
74
103
94
94
67
66
66
52
40
40
41
95
104
58
57
57
103
73
54
73
73
72
72
72
71
71
70
70
70
69
69
69
68
68
68
67
67
53
95
95
96
96
96
97
97
97
98
98
98
99
99
99
100
100
100
101
101
101
102
102
102
103
57
56
53
53
56
56
55
55
55
54
54
37
55
104
38
41
41
39
39
40
40
40
39
38
38
104
103
103
103
102
102
102
101
101
101
95
100
100
100
99
55
56
56
56
57
57
57
58
58
58
59
59
59
60
60
60
99
99
93
93
94
94
98
68
69
69
69
70
70
70
71
71
72
72
72
73
73
73
74
98
74
74
75
75
75
76
76
76
77
77
77
98
97
97
97
96
96
96
95
95
94
51
42
59
104
67
42
66
104
67
51
43
93
59
51
60
59
60
65
66
66
104
43
44
103
93
94
43
50
50
103
50
49
49
49
48
48
48
47
47
46
46
46
45
60
61
61
61
62
62
62
63
63
63
64
64
64
65
65
44
44
45
45
94
94
95
95
95
96
96
96
97
97
97
98
98
98
99
99
99
100
100
100
101
101
101
102
102
102
103
47
116
88
88
89
89
89
90
90
90
91
91
91
92
92
92
93
93
93
94
94
94
95
95
95
96
96
96
97
97
97
98
98
98
99
99
99
100
100
100
101
101
101
102
102
102
103
88
87
87
86
86
116
103
103
104
104
104
105
105
105
106
106
106
107
107
108
108
108
109
109
109
110
110
110
111
111
111
112
112
112
113
113
113
114
114
114
115
115
115
87
106
92
190
205
191
96
96
96
97
97
97
98
98
98
99
99
99
100
100
100
101
101
101
102
102
102
103
103
103
104
104
104
105
105
105
106
106
95
95
95
94
191
191
192
192
192
193
193
194
194
194
195
195
195
196
196
196
197
197
197
198
198
198
199
199
199
200
200
200
201
201
201
202
202
202
203
203
203
204
204
204
205
94
94
93
93
93
92
92
193
198
177
84
198
191
198
177
190
99
178
84
190
178
190
189
178
179
98
84
179
180
180
98
85
85
181
97
98
189
189
188
188
188
180
85
86
182
97
181
181
182
182
97
187
187
187
186
183
86
86
87
87
87
88
88
88
89
89
89
90
90
90
91
91
91
92
92
93
93
93
94
94
94
95
95
95
96
96
96
186
186
185
185
185
184
184
184
183
183
92
88
188
201
200
188
189
104
104
88
201
189
103
103
103
104
198
189
190
190
190
191
191
191
192
192
200
200
199
199
199
198
198
89
89
89
197
197
96
197
196
196
196
195
195
195
194
194
194
193
193
193
192
102
102
102
101
101
101
100
100
100
99
99
99
98
98
98
97
97
97
90
90
90
91
91
91
92
92
92
93
93
93
94
94
94
95
95
95
96
96
44
44
114
122
122
88
114
123
66
111
74
122
66
83
110
123
95
124
123
113
83
74
111
111
112
103
66
113
113
112
112
84
84
85
84
83
85
85
86
86
86
87
74
103
102
102
102
101
101
101
100
100
100
99
99
99
73
73
73
72
72
72
71
71
70
70
70
98
98
67
98
69
69
69
68
68
68
97
97
97
96
96
96
95
67
88
88
87
87
67
178
178
162
178
90
77
177
90
163
177
177
176
176
176
174
175
175
175
89
174
78
78
162
162
163
174
163
164
164
164
165
165
89
89
165
166
166
166
88
88
79
79
78
168
169
169
169
170
170
170
171
171
171
172
172
172
173
173
173
168
168
167
167
81
81
88
87
87
87
86
86
86
85
85
85
84
80
80
80
81
82
82
82
83
83
83
84
84
79
167
48
44
96
101
47
45
100
100
97
97
47
46
45
47
48
45
69
46
76
46
69
70
70
70
71
71
72
72
72
73
73
73
74
100
99
99
99
98
98
98
97
74
74
75
75
75
90
90
90
89
89
89
88
88
88
87
87
87
86
86
86
85
85
85
84
84
84
83
83
83
82
82
82
81
81
81
80
80
80
79
79
79
78
78
78
77
77
77
76
76
282
136
137
282
137
137
79
79
78
78
78
77
77
77
76
76
76
138
138
149
149
149
148
148
148
147
147
147
138
68
67
67
67
66
66
66
65
65
65
64
64
139
283
283
283
282
139
146
146
146
145
145
145
144
144
144
143
142
142
142
141
141
141
140
140
140
139
75
75
75
74
74
74
73
73
73
72
72
72
71
71
70
70
70
69
69
69
68
68
143
162
197
189
66
66
65
65
65
64
64
64
63
63
67
197
95
95
95
162
102
189
171
66
102
96
96
196
196
171
171
163
189
190
163
101
101
96
193
97
97
97
98
98
98
99
99
99
100
100
100
101
163
164
164
164
165
165
165
166
166
166
167
167
167
168
168
168
169
169
169
170
170
170
196
195
195
195
194
194
194
193
190
190
191
191
191
192
192
192
193
148
123
143
95
148
114
80
143
122
95
144
144
145
145
146
146
146
147
147
147
115
115
144
115
116
114
80
81
94
122
94
122
121
148
94
145
121
93
93
93
92
92
92
91
91
91
116
116
117
117
117
118
118
118
119
119
119
120
120
120
90
90
90
89
89
89
88
88
88
87
87
87
86
86
86
85
85
85
84
84
84
83
83
83
82
82
82
81
81
121
48
49
51
51
49
100
50
50
49
50
100
74
100
99
84
85
85
85
86
86
86
87
87
87
88
88
88
89
89
89
90
90
90
91
91
91
92
92
92
93
93
93
94
94
94
95
95
95
96
96
96
97
97
97
98
98
98
99
99
84
84
83
83
83
82
82
82
81
81
81
80
80
79
79
79
78
78
78
77
77
77
76
76
76
75
75
75
74
74
80
60
68
65
101
64
64
64
65
63
68
61
99
61
60
69
69
101
69
101
70
100
100
100
99
63
63
62
62
62
61
70
71
70
71
90
89
89
90
77
76
76
76
75
75
75
74
74
74
73
73
73
72
72
72
77
77
78
78
78
79
79
79
80
80
80
81
81
81
82
82
82
83
83
83
84
84
84
85
85
86
86
86
87
87
87
88
88
88
89
85
90
89
91
44
48
44
92
89
105
48
104
104
104
103
89
48
47
47
47
46
