79
210
79
83
106
80
225
82
80
82
82
80
81
81
81
96
210
210
224
224
106
211
211
211
223
223
224
106
96
223
222
105
105
105
104
104
104
103
103
103
102
102
102
101
101
101
100
100
100
99
99
98
98
212
212
212
213
213
213
214
214
214
215
215
216
216
216
217
217
217
218
218
218
219
219
219
220
220
220
221
221
221
222
222
98
97
97
97
96
99
63
59
87
64
87
59
87
85
85
39
84
70
64
69
49
49
58
58
58
57
57
57
64
65
65
65
66
66
66
67
67
67
68
68
68
69
69
56
56
56
55
55
55
54
54
53
53
53
52
52
52
51
51
51
50
50
50
40
40
85
86
86
86
40
41
41
41
42
42
42
43
43
43
44
44
44
45
45
45
46
46
46
47
47
47
48
48
48
49
54
48
56
83
95
95
95
57
96
99
68
100
100
100
101
48
96
99
99
49
49
49
50
50
50
51
51
51
52
52
52
53
53
53
54
54
54
55
55
55
56
56
68
69
69
69
70
70
70
71
71
72
72
72
73
73
73
74
74
74
75
75
75
98
76
76
77
77
77
78
78
78
79
98
98
97
79
79
80
80
80
81
81
81
82
82
82
97
97
96
76
108
80
52
42
88
80
81
81
81
87
87
88
49
45
50
50
51
51
51
50
44
44
44
43
43
43
96
96
107
107
106
45
49
106
49
48
87
86
86
86
85
85
84
84
83
83
83
82
82
82
48
48
47
47
47
46
46
46
45
96
97
106
85
105
105
105
104
104
104
103
103
103
102
102
101
101
101
100
100
100
99
99
99
98
98
98
97
97
84
102
60
56
108
83
56
60
108
88
107
88
88
89
89
89
90
90
90
91
91
91
92
92
106
106
106
84
84
83
60
59
59
59
58
58
58
57
57
57
56
107
87
105
93
92
87
87
86
86
86
85
85
85
84
105
105
93
104
93
104
104
103
103
103
102
102
102
101
101
101
100
100
100
99
99
99
98
98
97
97
97
96
96
96
95
95
95
94
94
94
98
61
48
106
48
61
84
106
60
60
95
95
83
84
49
84
87
87
87
88
48
49
96
97
97
54
54
53
103
104
54
55
55
103
86
86
86
85
85
85
55
56
56
102
103
51
53
53
52
52
97
98
98
105
56
57
57
57
58
58
58
59
59
59
60
51
50
105
105
50
96
102
98
99
99
99
96
95
104
102
51
104
50
100
100
100
101
101
101
49
52
97
86
73
83
86
83
83
82
82
82
81
84
84
84
85
65
85
56
85
86
104
81
102
102
103
103
103
104
102
101
101
101
100
56
56
100
57
57
58
58
58
59
59
59
60
60
60
61
61
61
62
62
62
63
63
63
64
64
64
100
99
99
99
98
98
98
97
74
74
74
75
75
75
76
76
76
77
77
77
78
78
78
79
79
79
80
80
80
81
57
95
52
53
53
47
74
62
105
46
46
46
95
47
95
96
96
104
104
105
52
63
62
72
72
73
73
73
52
51
51
51
50
50
50
49
49
49
48
48
48
47
63
63
72
71
71
70
70
70
69
69
69
68
68
96
97
97
97
98
98
98
99
99
99
100
100
100
101
101
101
102
102
102
103
103
103
104
68
67
67
67
66
66
66
65
65
64
64
64
65
53
53
50
38
55
53
54
49
49
50
54
54
92
39
49
108
48
107
107
106
106
93
93
93
94
43
92
41
40
41
41
42
42
42
43
43
40
44
44
44
45
45
40
39
39
45
46
46
46
47
47
47
48
48
94
105
97
104
104
104
105
103
103
103
105
106
96
96
97
97
96
95
95
95
94
98
102
102
102
101
101
101
100
100
100
99
99
99
98
98
105
46
46
47
46
47
81
81
81
80
43
43
43
44
114
114
82
122
123
126
127
82
110
91
45
91
92
92
98
110
111
111
111
98
99
99
99
100
45
112
98
97
97
126
126
125
125
125
124
124
124
123
123
97
96
96
96
100
101
101
101
102
102
95
114
113
113
113
112
112
95
95
94
94
94
93
93
92
102
103
103
103
104
104
104
93
44
44
45
100
73
155
85
91
152
73
137
137
155
100
140
152
140
85
85
84
84
84
83
83
73
74
91
74
140
74
75
155
154
154
154
153
153
153
75
75
83
138
91
92
92
92
93
93
93
94
94
94
95
138
96
96
97
97
97
98
98
98
99
99
99
100
138
139
139
139
95
76
76
76
77
77
78
78
78
79
79
79
80
80
80
81
81
81
82
82
82
95
96
77
177
86
195
194
194
98
98
178
86
87
179
87
87
88
88
178
97
97
97
98
193
193
193
192
194
178
179
192
96
182
96
96
95
95
95
94
94
93
93
188
188
188
189
189
189
190
190
93
88
89
89
92
92
92
91
91
190
191
191
191
192
91
90
90
90
89
180
180
180
181
181
181
182
182
94
183
187
187
187
186
186
186
185
185
185
184
184
183
183
184
293
91
294
294
203
294
295
295
104
95
95
94
94
94
93
93
93
92
92
92
91
103
97
97
98
98
98
96
99
99
99
100
100
198
198
199
199
199
200
200
200
201
95
201
201
202
202
202
203
189
189
189
190
190
190
191
191
191
192
192
192
193
193
193
194
194
194
195
195
195
196
196
196
197
197
197
198
203
100
101
101
101
102
102
102
103
103
96
96
97
200
184
199
101
88
88
184
101
184
199
199
185
198
198
101
89
197
100
186
186
186
185
185
198
197
89
187
187
197
100
196
196
196
99
99
100
195
195
195
194
194
194
193
193
193
192
192
192
191
191
191
190
190
190
98
98
97
97
96
96
96
95
95
95
94
94
94
93
93
189
93
92
92
92
91
91
91
90
90
90
89
189
189
188
99
98
188
188
187
97
90
98
408
190
392
196
190
192
192
193
192
193
194
195
194
195
195
90
191
191
191
194
407
407
393
407
406
406
97
90
98
393
393
193
394
394
91
91
395
406
405
405
405
97
97
96
395
404
404
404
403
396
396
396
394
397
397
91
96
403
403
402
397
398
93
398
92
92
92
93
96
95
95
95
94
94
94
402
402
401
401
401
400
400
400
399
399
399
398
93
475
475
443
81
421
455
76
433
81
432
76
432
421
80
432
76
77
77
430
77
78
454
431
431
430
443
79
79
79
431
80
80
422
78
429
422
429
429
78
422
454
427
444
444
427
428
424
428
426
427
428
423
423
423
424
454
424
453
426
426
425
425
425
444
453
453
452
452
452
451
451
451
450
450
450
449
449
449
448
448
448
447
447
447
446
446
445
445
445
446
463
405
413
51
457
458
406
463
424
462
429
429
458
61
458
424
406
406
424
462
462
461
407
429
461
52
412
412
461
460
460
460
459
459
459
428
54
428
428
55
55
55
412
411
411
54
54
53
53
53
52
52
56
56
56
411
410
410
410
409
409
409
408
408
408
407
407
57
57
57
425
425
425
426
426
58
58
58
59
59
59
426
60
427
427
427
61
61
60
60
127
127
126
102
73
102
88
75
74
74
74
101
101
101
100
100
100
86
86
87
87
87
88
88
91
91
90
90
90
89
89
89
86
91
92
92
92
93
93
93
94
85
85
85
84
84
84
83
83
94
94
95
95
95
96
96
96
97
97
97
83
82
82
82
81
81
81
80
80
80
79
79
79
78
78
78
77
77
77
76
76
76
75
75
98
98
98
99
99
99
100
95
78
99
52
72
64
52
59
96
58
58
59
58
57
53
57
57
65
65
65
66
66
66
67
67
67
68
68
68
69
69
69
70
70
70
71
71
72
56
56
53
54
78
78
79
79
79
80
80
80
81
81
81
82
82
82
83
83
83
84
84
84
85
85
85
86
86
86
87
87
87
88
56
55
55
96
96
97
97
97
98
98
98
99
99
55
54
54
53
119
120
120
120
61
78
220
67
216
216
48
220
78
61
219
67
217
217
219
77
76
49
77
49
68
68
68
69
69
219
218
218
218
217
60
60
61
76
76
77
69
74
74
50
50
49
73
73
73
72
72
72
71
71
70
70
70
75
51
74
75
58
58
59
59
59
50
60
75
51
54
51
52
52
52
53
53
58
57
57
57
56
56
56
55
55
55
54
54
53
55
82
154
50
55
55
95
54
54
54
53
53
53
52
52
154
52
51
51
51
83
161
87
106
87
106
83
83
154
161
87
96
86
86
86
161
85
85
84
84
155
84
85
106
160
96
97
97
97
98
98
98
99
99
99
100
100
100
101
101
101
102
102
102
103
103
103
104
104
104
105
105
105
96
155
155
156
156
156
157
157
158
158
158
159
159
159
160
160
157
60
57
87
176
60
57
60
57
88
94
58
174
106
92
58
58
59
59
59
106
107
107
108
93
93
171
93
171
171
92
92
91
172
172
172
173
173
176
91
91
90
90
90
89
89
89
88
88
175
175
175
174
174
173
106
101
105
105
105
104
104
104
103
103
103
102
102
94
94
95
95
95
96
96
96
97
97
97
98
98
98
99
99
99
100
100
100
101
101
102
0
0
0
0
0
0
0
0
0
0
0
0
0
0
0
0
0
0
0
0
