134
134
164
134
135
135
163
163
135
136
136
136
137
137
163
137
162
162
162
161
161
161
160
160
160
159
159
159
147
147
147
146
146
146
145
145
145
144
144
144
143
143
142
142
142
141
141
141
140
140
140
139
139
139
138
138
138
148
153
148
148
149
149
149
150
150
150
151
151
151
152
152
152
158
158
158
157
157
157
156
156
156
155
155
155
154
154
154
153
153
32
76
75
75
39
39
39
38
38
38
37
37
37
36
36
36
35
64
34
34
34
33
33
33
32
32
40
59
54
54
65
65
65
40
40
60
75
60
60
35
64
42
42
45
45
44
44
44
43
50
50
51
51
51
52
52
52
53
53
53
43
43
42
41
41
41
61
61
61
62
62
62
63
63
63
64
45
46
50
49
49
49
48
48
47
47
47
46
46
48
78
66
464
154
62
63
66
463
464
66
65
65
464
78
83
153
153
83
63
460
459
459
79
140
62
63
62
84
65
64
153
83
82
79
79
460
463
64
64
460
463
80
80
80
81
82
82
141
152
461
462
462
461
461
462
81
81
142
141
141
142
152
152
151
151
151
150
150
150
149
149
149
148
148
148
147
147
147
146
146
146
145
145
145
144
144
144
143
143
142
147
66
89
149
147
149
66
65
65
65
64
64
64
63
63
63
62
62
62
61
61
61
66
60
60
60
59
59
59
58
58
58
57
57
57
56
56
147
51
52
148
52
53
53
53
54
56
55
55
148
100
100
100
99
99
99
98
98
98
97
97
97
96
96
96
95
95
95
94
94
94
93
93
93
92
92
92
91
91
91
90
90
90
89
89
148
55
54
54
52
117
80
105
86
98
114
65
81
64
64
64
63
63
63
62
62
62
61
81
81
82
82
82
83
83
83
84
84
84
85
85
85
86
86
61
61
60
60
60
59
59
59
58
117
117
116
116
116
115
115
115
114
58
57
57
57
56
56
56
55
98
98
99
99
99
100
100
100
101
101
101
102
102
102
103
103
103
104
104
104
55
55
54
54
54
53
53
53
52
58
81
86
81
105
64
70
95
47
47
66
66
65
65
65
48
48
48
49
96
49
66
67
69
67
67
68
81
82
82
82
83
83
83
84
84
84
85
85
85
86
86
68
68
70
55
55
54
54
54
96
96
104
104
104
69
69
49
50
53
53
97
97
97
98
98
98
99
99
99
100
100
100
101
101
101
102
102
102
103
103
103
52
52
52
51
51
51
50
50
53
63
59
95
165
108
167
157
63
165
59
167
102
107
107
106
106
106
105
105
105
104
104
60
60
60
61
61
61
62
62
62
63
166
104
103
103
147
147
148
148
148
149
149
149
150
150
150
151
151
151
103
102
96
152
152
152
153
153
153
154
154
154
155
155
155
156
156
156
157
157
96
96
97
97
97
98
98
98
99
99
99
100
100
100
101
101
101
166
166
102
49
70
105
105
105
104
104
104
103
103
103
102
102
102
101
101
101
100
100
99
99
99
98
98
98
97
97
97
96
96
96
95
95
95
94
94
94
93
93
93
92
85
84
84
84
83
83
83
82
82
82
81
81
81
80
80
80
79
79
79
78
78
78
77
77
77
76
76
76
75
75
50
50
50
51
51
51
75
74
74
74
73
73
73
72
72
72
71
71
100
170
71
80
76
167
170
65
71
72
135
80
134
76
132
169
132
132
168
89
168
72
76
168
75
100
100
100
169
169
135
61
98
98
65
65
61
62
98
134
99
99
134
62
99
72
133
133
80
64
75
133
64
62
74
89
89
88
88
73
88
87
87
87
86
86
86
85
85
85
84
73
73
84
84
83
83
83
82
82
82
81
81
63
63
63
64
75
74
74
81
48
49
81
70
81
49
49
50
70
80
91
109
71
71
72
80
80
79
92
74
74
94
73
73
106
93
93
79
79
78
78
78
77
77
77
76
76
76
75
75
75
74
92
72
108
72
106
108
92
108
107
107
106
93
94
73
94
102
102
103
102
103
103
97
101
101
101
100
97
97
96
96
96
98
98
100
100
99
95
95
95
104
104
104
105
105
105
99
99
98
50
55
83
105
85
85
86
86
48
49
49
49
50
85
84
86
87
87
87
88
88
84
84
83
83
60
59
61
61
48
61
62
95
95
96
96
48
59
59
58
58
58
57
63
47
47
47
63
63
57
57
56
56
56
55
46
46
46
45
62
104
105
105
62
60
104
104
103
103
103
102
102
102
101
101
101
100
100
100
99
99
99
98
98
98
97
97
97
60
96
169
196
169
77
179
74
170
95
170
196
178
178
195
170
77
76
76
76
102
75
75
75
178
186
172
172
171
171
171
187
96
195
195
194
194
194
193
193
187
187
188
188
188
189
189
189
190
190
172
173
173
173
174
174
174
175
175
175
176
176
176
177
177
177
190
191
191
191
192
192
192
193
102
101
101
101
100
100
100
99
99
99
98
98
98
97
97
97
96
96
164
148
126
102
153
102
102
101
103
148
105
106
106
106
107
107
108
108
108
109
125
109
105
125
125
105
104
104
104
103
153
152
152
152
151
151
151
150
150
150
149
149
103
149
109
110
111
110
110
124
111
120
120
120
121
121
121
122
122
122
123
123
123
124
124
119
119
119
118
118
118
117
117
116
116
116
115
115
115
114
114
114
113
113
113
112
112
112
111
117
114
192
192
191
114
107
113
113
202
201
201
197
198
198
198
199
199
199
200
200
200
201
197
197
196
196
196
195
195
195
194
194
103
102
102
102
101
101
101
100
100
100
99
99
99
98
98
98
97
97
97
96
96
96
95
95
95
94
94
94
93
93
93
92
92
92
91
91
91
90
90
90
89
194
103
193
193
192
103
104
104
104
105
105
105
106
106
106
107
193
88
320
313
92
88
319
313
319
92
313
89
319
314
97
115
315
316
316
316
317
317
318
318
318
315
315
314
314
90
90
91
91
91
92
90
89
89
97
97
98
114
114
317
114
113
99
98
98
113
113
99
112
99
102
103
103
103
104
104
104
105
105
105
106
106
107
107
108
108
108
109
109
109
110
110
110
111
111
111
112
112
102
102
101
101
101
100
100
100
106
81
77
82
82
78
82
79
79
78
109
78
109
107
108
108
108
109
83
83
83
84
84
107
101
100
100
100
99
99
99
98
98
98
97
97
97
96
96
96
95
95
95
94
101
94
93
93
93
92
92
92
91
91
91
90
90
90
89
89
89
88
88
88
87
87
87
86
86
86
85
85
85
84
101
102
102
102
103
103
103
104
104
104
105
105
105
106
106
106
94
61
91
64
64
62
64
70
63
62
62
63
63
101
96
91
101
72
72
100
71
71
70
90
90
100
100
99
99
99
98
98
98
97
97
90
96
96
97
72
87
89
89
89
88
88
73
73
73
74
74
74
75
75
75
76
76
76
77
77
77
78
78
78
79
79
79
80
80
80
81
81
81
82
82
82
83
83
83
84
84
84
85
85
85
86
86
86
87
87
88
454
91
442
454
90
442
452
453
453
76
66
66
66
454
435
453
435
62
62
63
76
90
63
90
89
435
436
436
436
437
437
437
438
438
438
439
439
439
440
440
440
441
441
441
442
89
89
88
88
88
87
87
87
86
86
86
85
85
85
84
84
84
83
83
83
82
82
82
81
81
81
80
80
80
79
79
79
78
78
78
77
77
77
65
65
65
64
64
64
63
442
429
71
87
442
429
87
72
442
72
436
435
435
435
434
434
434
433
433
433
432
432
432
436
431
431
430
430
429
436
437
437
437
438
438
438
439
72
73
73
73
74
74
74
75
75
75
76
76
76
77
77
77
78
78
78
79
79
79
80
80
80
81
81
81
82
82
82
83
83
83
84
84
84
85
85
85
86
86
86
87
439
439
440
440
440
441
441
441
431
47
89
47
84
77
64
63
57
57
56
84
47
48
48
85
85
85
89
89
88
88
88
86
77
87
76
50
76
64
64
56
56
55
55
48
49
49
49
86
86
87
87
50
76
75
75
75
74
74
73
73
73
72
72
72
71
71
70
70
70
69
69
69
68
68
68
67
67
67
66
66
66
65
65
65
55
54
54
54
53
53
53
52
52
52
51
51
51
50
74
65
84
99
66
56
59
59
56
66
66
67
67
91
58
58
57
58
99
99
92
72
92
71
70
57
57
70
71
67
72
68
68
68
83
69
69
69
70
72
75
75
75
74
76
76
76
77
77
74
83
83
82
82
81
92
93
93
93
94
94
94
95
95
95
96
96
96
97
97
97
98
98
98
81
81
80
80
80
74
77
78
73
73
73
82
79
78
79
78
79
78
86
93
79
105
159
150
86
85
105
94
79
159
150
79
105
85
80
159
158
81
80
84
94
94
84
151
80
151
104
104
104
85
81
158
158
157
82
81
152
151
95
84
83
83
83
82
103
103
95
82
152
102
102
102
103
157
156
156
153
153
153
152
95
96
96
96
157
156
101
155
155
155
154
154
154
97
97
97
98
98
98
99
99
99
100
100
100
101
101
94
32
45
33
33
47
75
45
32
33
106
47
66
113
115
116
116
116
117
117
