100
203
101
101
232
203
231
205
231
230
230
204
204
204
203
231
230
205
206
206
229
229
229
205
206
207
228
228
207
207
228
208
208
208
227
216
215
215
214
214
214
213
213
213
227
212
212
211
211
211
210
210
210
209
209
209
216
216
217
217
217
218
218
218
219
219
219
220
220
220
221
221
221
222
222
222
223
223
223
224
224
224
225
225
225
226
226
226
227
212
41
61
64
90
102
64
90
61
54
62
41
64
90
54
41
92
92
91
91
91
62
62
63
63
63
102
101
101
101
100
100
100
99
99
99
98
98
98
97
97
97
96
96
96
95
95
95
53
53
53
52
52
52
51
51
51
50
50
49
49
94
94
94
49
48
48
48
47
47
47
46
46
46
45
45
45
44
44
44
43
43
43
42
42
42
93
93
93
92
50
92
35
46
100
98
93
35
36
61
60
45
45
45
92
36
92
93
94
94
51
51
51
60
98
98
99
99
99
100
94
93
97
54
38
38
53
53
52
52
58
58
58
59
59
59
60
52
44
44
44
43
43
43
42
42
42
41
41
40
40
39
39
39
36
37
37
37
38
95
95
95
96
96
96
97
97
53
54
57
57
57
56
56
55
55
55
54
41
40
56
46
73
75
50
73
46
74
63
74
74
55
55
106
50
49
47
49
47
49
92
47
55
63
48
61
61
61
62
62
62
48
48
58
106
106
105
105
105
104
104
104
103
103
103
102
102
102
101
101
101
100
100
99
99
99
98
98
98
97
56
56
56
57
57
57
97
97
96
96
96
60
60
60
59
59
59
58
58
95
95
95
94
94
94
93
93
93
92
92
100
44
108
45
46
45
80
49
49
49
90
48
45
48
48
95
106
107
107
108
108
89
89
89
47
47
47
46
46
94
94
88
88
82
82
82
81
81
81
80
80
95
88
95
106
87
106
105
105
105
104
104
104
103
103
103
102
102
101
101
101
100
100
100
99
99
99
98
98
98
97
97
97
96
96
96
87
87
86
86
86
85
85
85
84
84
84
83
83
83
102
49
230
41
234
230
92
109
234
106
107
107
108
108
108
109
109
106
106
94
231
231
231
92
105
92
232
232
232
233
233
233
105
105
104
93
93
93
94
95
95
104
48
48
48
47
47
47
46
46
46
45
45
45
44
44
44
43
43
43
42
42
42
41
104
95
94
96
103
103
103
102
102
102
101
101
100
100
100
99
99
99
98
98
98
97
97
97
96
96
101
53
52
54
47
52
100
91
52
47
54
51
51
51
54
48
50
48
48
50
50
97
49
49
49
98
68
68
68
100
92
92
92
93
93
98
93
99
99
94
94
94
97
97
57
57
56
56
56
55
55
55
99
98
96
57
58
58
58
59
59
59
60
60
61
61
61
62
62
62
63
63
63
64
64
64
65
65
65
66
66
66
67
67
67
95
95
95
96
96
60
85
90
84
84
84
85
90
40
105
80
79
79
79
47
90
46
46
47
92
91
91
91
100
47
92
92
93
93
93
94
94
94
95
95
95
96
96
104
104
104
103
103
103
102
102
102
96
46
83
83
83
82
82
82
81
81
81
80
45
45
45
44
44
44
43
43
43
42
42
42
41
41
41
40
40
97
97
101
101
97
98
98
80
98
99
99
99
101
100
100
94
74
60
40
104
63
45
62
62
61
61
61
60
62
63
44
44
45
101
101
101
100
97
97
97
96
96
100
100
99
99
99
98
98
44
43
43
43
42
42
42
41
102
102
103
63
64
64
64
65
65
65
66
66
66
67
67
67
68
68
68
69
69
69
70
70
70
71
71
72
72
72
73
73
73
74
104
98
41
41
40
96
95
95
95
94
94
103
103
102
63
93
84
84
104
88
71
88
93
84
48
88
85
70
93
87
87
87
86
86
48
53
86
63
85
85
94
64
65
65
70
65
94
94
95
95
95
96
96
96
97
97
97
98
98
98
99
99
99
100
100
100
101
101
101
102
102
102
103
103
103
70
69
64
69
69
68
68
48
49
49
49
50
50
50
51
51
51
52
52
52
53
68
67
67
64
67
66
66
66
64
78
63
62
62
47
47
48
104
104
104
103
103
103
102
102
102
101
101
62
70
70
71
71
72
72
72
73
73
73
74
101
100
100
100
63
76
76
77
77
77
78
63
76
56
56
56
55
55
55
54
54
54
53
75
75
75
74
74
57
57
58
58
58
59
59
59
60
60
60
53
53
52
52
52
51
51
51
50
50
50
49
49
49
48
48
61
61
61
57
113
28
28
31
95
115
53
53
41
28
115
113
52
114
114
114
41
31
31
106
52
52
50
29
95
105
42
42
42
29
29
30
50
51
51
30
30
51
95
50
49
49
49
48
48
48
47
47
47
46
46
46
45
45
45
96
96
96
97
97
97
98
98
98
44
44
43
43
43
99
99
99
100
100
100
101
101
101
102
102
102
103
103
103
104
104
104
105
105
44
56
57
47
96
105
56
55
58
58
58
55
55
47
68
68
59
54
54
47
97
59
63
63
63
64
64
64
65
65
62
66
66
66
67
67
67
62
62
61
61
61
60
60
60
59
54
53
97
97
98
98
98
99
99
99
100
100
100
101
101
101
102
102
102
103
103
103
104
104
104
105
105
53
53
52
52
52
51
51
51
50
50
50
49
49
49
48
48
48
65
45
75
46
75
46
47
75
74
46
47
69
69
70
70
70
71
71
72
72
72
73
73
73
74
74
55
55
54
54
54
53
53
53
52
52
52
51
51
51
50
50
50
49
49
49
48
48
48
47
69
55
56
56
56
57
57
57
58
58
58
59
59
59
60
60
60
61
61
61
62
62
62
63
63
63
64
64
64
65
65
65
66
66
66
67
67
68
68
68
67
104
53
83
76
52
48
93
61
68
94
62
82
82
82
76
77
77
67
50
93
49
49
62
62
103
104
49
94
94
67
50
52
52
51
50
51
51
104
81
103
95
63
103
78
77
81
81
63
67
66
95
66
78
78
79
79
79
102
102
65
65
65
64
64
64
63
80
80
80
96
96
95
66
102
101
101
101
100
100
99
99
99
98
98
98
97
97
97
96
100
89
48
54
80
49
54
92
89
49
89
49
81
54
106
53
93
50
50
53
81
88
87
87
88
88
52
93
83
83
82
82
82
81
50
51
51
51
94
93
53
52
106
106
87
52
86
94
83
84
84
84
85
85
85
86
105
105
105
104
104
104
103
103
103
102
102
102
101
101
101
100
100
100
99
99
99
98
98
98
97
97
97
96
96
96
95
86
95
95
94
131
137
132
35
111
116
44
137
111
132
94
137
115
103
36
132
112
43
112
115
115
136
133
136
133
103
41
41
41
42
42
102
39
102
133
134
134
134
112
113
113
113
114
114
114
135
135
135
136
40
95
95
94
42
43
43
94
40
40
36
36
37
37
37
38
38
38
39
103
39
102
101
101
101
100
100
100
99
99
99
98
98
98
97
97
96
96
96
95
97
76
97
108
57
76
58
65
65
64
64
65
66
66
66
64
67
63
67
67
68
68
68
69
69
69
70
70
70
71
71
72
72
72
63
63
62
62
62
61
61
61
98
98
60
60
60
59
59
59
58
58
98
99
99
99
100
100
100
101
101
101
102
102
102
103
103
103
104
104
104
105
105
105
106
106
106
107
107
108
108
74
76
75
75
75
74
73
73
73
74
66
109
77
109
108
91
66
66
77
108
91
77
108
107
91
76
74
74
76
99
67
67
67
68
97
97
96
96
96
95
95
95
94
94
94
93
93
74
68
68
69
69
107
106
75
106
106
105
105
105
104
104
69
70
70
70
71
71
72
97
98
98
72
98
73
73
73
72
104
103
103
103
102
93
92
92
92
102
102
101
101
101
100
100
100
99
75
75
76
99
165
94
185
84
93
84
165
93
85
184
85
92
165
92
86
85
93
184
86
92
91
87
86
166
167
167
167
168
168
169
169
169
170
170
170
171
171
171
172
172
172
173
173
173
174
174
174
175
175
175
176
176
176
177
177
177
178
178
178
179
179
180
180
180
181
181
181
182
182
182
183
183
183
184
166
166
91
91
90
90
90
89
89
89
88
88
88
87
87
168
278
279
280
280
279
279
97
97
98
98
97
99
99
99
96
96
96
95
191
192
192
192
193
179
180
180
180
181
181
181
182
193
193
194
194
91
90
90
90
89
89
89
88
88
88
87
87
87
98
182
185
185
185
184
184
184
183
183
182
95
95
94
186
186
186
187
187
187
188
188
188
189
189
189
190
190
190
191
191
94
94
93
93
93
92
92
92
91
91
183
99
85
192
192
177
192
191
99
99
178
177
190
85
191
86
190
191
190
178
98
189
189
189
188
188
86
87
178
179
98
98
179
180
86
188
187
187
186
186
186
185
185
185
97
97
97
182
182
181
181
181
180
180
87
87
88
88
96
187
182
90
90
89
89
89
88
183
183
183
184
184
184
91
96
96
95
95
95
94
94
94
93
93
93
92
92
92
91
91
90
184
183
90
183
182
183
76
76
162
161
161
90
90
174
174
173
76
77
171
172
