205
226
225
224
224
224
223
223
223
222
222
222
221
221
221
225
225
226
226
96
104
220
220
220
219
219
219
218
218
218
217
217
217
216
216
216
215
215
214
214
214
213
213
213
212
212
212
211
211
211
210
210
210
209
209
209
208
208
208
207
207
207
206
206
206
205
104
103
103
103
102
102
102
101
101
101
100
100
100
99
99
99
98
98
98
96
97
97
97
96
53
51
40
51
78
36
53
86
52
52
52
40
40
39
39
39
38
38
79
79
79
86
91
91
38
37
37
37
36
105
105
86
85
104
80
85
91
85
84
84
104
104
81
81
80
80
92
81
92
92
93
93
94
94
94
95
95
95
96
96
96
97
97
97
98
98
98
99
99
99
100
100
100
101
101
101
102
102
102
103
103
103
84
83
83
83
82
82
82
93
92
92
82
45
43
112
112
113
113
113
114
114
114
115
115
115
116
82
83
83
83
94
93
93
93
92
91
91
90
90
90
105
105
89
45
44
44
44
43
91
84
105
104
104
104
103
103
103
102
102
102
101
101
101
100
100
100
99
99
99
98
98
98
97
97
97
96
96
96
95
95
94
94
89
89
88
88
88
87
87
87
86
86
86
85
85
85
84
84
95
74
48
82
106
105
95
95
58
58
50
49
49
81
81
81
80
80
80
79
79
79
78
78
66
66
49
48
48
74
75
75
75
76
76
76
77
78
77
77
66
65
65
65
64
64
64
63
63
63
62
62
62
61
61
61
60
60
96
96
96
97
97
97
98
98
98
99
99
99
100
100
100
101
101
101
102
102
102
103
103
103
104
104
104
105
105
60
59
59
59
85
52
85
113
115
105
45
115
114
57
114
66
114
52
58
46
46
46
58
58
105
94
65
66
51
51
51
97
50
50
50
49
49
49
48
48
48
47
47
47
95
95
59
95
94
104
104
104
103
103
103
102
102
102
101
101
101
100
100
100
99
99
59
59
60
60
60
61
61
61
62
62
62
63
63
63
64
64
64
65
65
99
98
98
98
96
96
96
97
97
88
94
76
130
124
87
76
87
106
124
129
87
95
77
104
104
104
105
105
105
103
103
103
102
102
102
101
101
101
81
100
100
100
99
124
125
125
125
126
126
126
127
127
127
128
128
128
129
129
99
99
98
98
98
97
97
97
96
96
96
95
95
86
86
86
85
85
85
84
84
84
83
83
83
82
82
82
81
77
77
78
78
78
79
79
79
80
80
80
81
103
114
67
112
112
55
114
95
37
36
36
37
113
113
113
112
37
38
40
96
38
38
48
47
47
39
55
103
102
102
102
55
65
40
97
96
96
40
62
62
62
63
63
63
64
39
67
67
66
66
66
65
39
65
101
101
101
100
100
100
99
99
98
98
98
97
97
48
48
49
49
49
50
50
50
51
51
51
52
52
52
53
53
53
54
54
54
64
64
99
97
43
55
106
44
47
78
78
44
44
45
45
45
46
46
46
47
47
55
56
56
56
57
57
57
58
58
58
59
59
59
60
60
61
61
61
62
97
98
98
98
99
99
99
100
100
100
101
101
101
102
102
102
103
103
103
104
104
104
105
105
105
62
62
63
63
63
64
64
64
65
65
65
66
66
73
74
74
74
75
75
75
76
76
76
77
77
77
78
60
42
103
61
60
60
43
103
92
60
92
100
100
100
101
101
101
102
102
102
45
44
44
44
94
94
94
93
93
45
93
46
46
46
47
45
47
48
48
48
49
49
49
43
43
50
51
51
51
52
52
52
53
53
53
54
54
54
55
55
55
56
56
56
57
57
57
58
58
58
59
59
59
47
50
96
50
95
95
99
99
99
98
98
98
97
97
97
96
96
95
44
51
82
105
90
90
91
44
90
89
50
50
50
88
88
88
89
89
91
91
45
45
105
104
45
92
83
83
83
84
92
87
104
104
103
103
102
102
102
101
101
101
100
100
100
99
87
46
46
46
47
47
47
48
48
48
49
49
49
99
99
98
98
98
97
97
97
96
96
96
95
95
95
94
94
94
93
93
93
92
84
84
85
85
85
86
86
86
87
103
144
140
144
142
142
141
141
141
140
143
143
142
117
117
117
116
116
116
115
94
93
93
93
92
92
92
91
115
113
113
113
114
114
114
115
96
94
94
95
95
95
96
96
112
97
97
97
98
98
98
99
99
99
100
100
100
101
101
101
102
102
102
103
103
103
104
104
104
105
105
105
106
106
106
107
107
108
108
108
109
109
109
110
110
110
111
111
111
112
112
204
190
91
204
190
92
91
190
191
191
202
202
105
106
191
203
203
203
204
192
196
193
197
92
192
202
201
201
198
198
92
198
201
200
200
200
104
195
195
195
194
194
194
193
193
105
105
199
199
199
192
197
104
104
103
103
103
102
102
93
93
93
94
196
196
197
98
94
102
101
101
94
101
100
100
100
95
95
95
96
99
99
99
98
96
96
97
97
97
98
197
195
197
214
213
213
213
212
212
212
211
211
211
210
210
210
209
209
209
208
208
208
207
207
207
206
206
205
205
205
204
204
204
203
203
214
214
215
215
216
196
196
196
195
216
216
217
217
217
97
98
98
98
99
99
99
100
100
100
101
101
101
102
102
102
103
103
103
104
104
104
105
105
105
106
106
106
107
107
108
108
108
109
109
109
110
110
110
218
206
108
225
207
207
207
206
224
208
218
218
218
219
219
219
220
220
220
221
221
221
222
222
222
223
223
223
224
224
217
217
217
216
216
216
215
215
214
214
214
213
213
212
212
212
211
211
211
210
210
210
209
209
209
208
208
100
100
100
101
101
99
99
99
98
98
98
97
97
97
96
101
102
102
102
103
103
103
104
104
104
105
105
105
106
106
106
107
107
108
213
379
371
93
379
379
177
372
372
378
372
378
189
378
189
374
179
178
178
178
189
188
188
188
187
187
93
93
92
84
84
179
180
373
373
373
374
85
374
375
375
375
376
376
376
377
377
377
180
180
89
187
186
186
186
185
185
185
184
184
184
183
183
183
182
92
92
91
91
91
90
90
90
89
182
182
181
181
181
85
85
86
86
86
87
87
87
88
88
88
89
74
450
413
82
450
445
420
75
81
81
81
80
80
80
79
79
79
78
78
78
77
77
77
76
76
76
75
75
419
449
449
449
448
448
448
447
447
447
446
446
446
445
445
436
435
435
435
434
434
434
433
433
433
432
432
413
413
414
414
414
415
415
432
431
431
431
415
416
416
416
417
430
430
429
429
429
428
428
428
427
427
427
417
417
418
418
418
419
419
420
379
382
370
378
378
378
377
377
377
376
376
376
375
375
422
422
422
423
423
423
424
424
370
425
425
382
382
383
383
383
384
384
384
385
385
425
426
426
426
427
427
427
375
374
374
374
373
373
373
372
428
428
428
429
429
429
430
430
431
431
431
432
432
432
433
433
433
434
434
434
435
435
435
436
436
436
437
437
437
438
438
438
439
439
372
372
371
371
371
424
103
73
110
90
163
103
158
109
163
73
158
104
90
109
90
159
159
104
104
105
163
108
108
159
162
162
74
109
105
87
87
108
107
107
106
106
106
105
87
88
88
88
160
89
89
89
80
86
86
86
85
85
85
84
84
84
162
161
161
161
160
74
74
75
75
75
76
76
76
77
77
77
78
78
78
79
79
79
83
83
83
82
82
82
81
81
81
80
80
160
96
45
105
45
66
66
97
97
104
104
65
104
97
46
98
103
65
65
64
64
64
63
101
102
102
103
101
101
100
46
46
103
98
98
99
99
99
100
102
100
47
47
47
48
48
48
49
49
49
50
50
50
51
51
51
52
52
53
53
53
54
54
54
55
55
55
56
56
56
57
57
57
58
58
58
59
59
59
60
60
60
61
61
61
62
62
62
63
63
52
72
230
101
94
240
53
74
239
74
74
73
73
73
72
72
238
94
239
239
232
232
62
232
231
231
231
101
101
100
100
100
99
99
99
98
58
58
59
59
59
60
60
60
61
61
61
98
98
236
235
235
235
234
234
233
233
233
97
97
97
96
96
96
95
58
57
57
57
56
56
56
95
95
94
55
55
55
54
54
54
53
53
236
236
237
237
237
238
238
234
95
250
247
104
103
219
103
95
96
96
247
248
248
249
249
249
103
218
218
236
248
235
96
97
235
98
98
98
97
97
101
102
102
102
219
219
235
101
233
234
234
234
101
100
100
99
99
99
222
221
221
221
220
220
220
100
233
233
232
232
231
231
231
230
230
230
229
229
229
228
228
228
227
227
227
226
226
226
225
225
225
224
224
224
223
223
223
222
222
232
105
217
218
247
233
71
242
78
78
229
71
243
92
77
246
232
229
246
243
72
232
95
96
96
104
104
229
230
230
230
231
231
231
232
100
104
103
103
95
95
94
94
94
93
93
93
92
103
96
97
97
97
98
98
98
102
102
243
244
244
244
245
245
245
246
102
99
99
101
101
77
77
76
76
76
75
75
75
74
74
74
73
73
73
72
72
101
100
100
99
0
0
0
0
0
0
0
0
0
0
0
0
0
0
0
0
0
0
0
0
