46
104
44
45
104
104
211
211
212
227
103
44
44
45
45
227
212
212
211
228
227
103
210
210
226
210
226
226
96
96
96
95
95
103
225
225
97
97
102
225
213
213
102
97
98
98
98
99
99
99
100
100
100
101
101
101
102
224
224
224
223
223
222
222
222
221
221
221
220
220
220
219
219
219
218
218
218
217
217
217
216
216
216
215
215
214
214
214
213
223
80
82
81
81
81
82
39
89
108
45
45
45
46
46
46
47
47
47
44
89
90
90
90
91
91
44
92
92
92
93
93
93
94
94
103
103
103
44
104
104
104
105
105
105
106
106
106
43
43
43
107
42
42
42
41
41
41
40
40
40
39
39
107
108
91
102
100
100
101
100
99
99
99
102
98
98
98
97
97
97
96
96
96
95
95
94
101
101
102
95
88
54
54
54
55
55
55
56
38
37
37
37
38
38
39
39
39
40
40
40
41
36
102
102
102
36
101
101
100
100
93
93
93
92
36
92
92
91
91
91
90
90
90
89
89
89
88
41
33
34
34
94
34
35
35
82
83
83
83
84
84
84
85
85
85
86
86
86
87
87
87
101
94
94
95
95
95
96
96
96
97
97
97
98
98
99
99
99
100
98
64
58
91
106
87
81
80
106
57
63
64
64
87
58
63
62
62
62
81
81
82
82
82
83
83
83
84
84
84
85
85
85
86
86
86
87
61
61
61
60
60
58
60
92
92
92
93
93
93
94
94
94
95
95
95
96
96
96
97
97
97
98
98
98
99
99
99
100
100
100
101
101
101
102
102
102
103
103
103
104
104
104
105
105
105
106
59
59
59
63
38
109
49
49
49
90
38
108
108
39
48
48
48
91
39
39
91
47
47
91
107
108
40
40
47
46
102
102
102
103
103
103
104
104
104
105
105
105
106
106
106
107
101
101
101
100
100
100
99
99
99
98
98
98
97
40
41
41
41
42
42
42
43
43
43
44
44
44
45
45
45
46
46
92
97
97
96
96
96
95
95
95
94
94
94
93
93
93
92
92
28
51
35
42
93
51
28
50
106
29
35
42
50
50
49
34
34
106
43
29
93
29
34
49
43
30
94
49
33
30
30
31
31
31
32
32
32
33
94
94
95
95
95
96
96
96
97
97
97
98
98
98
99
99
99
100
100
100
101
101
101
102
102
103
103
103
104
104
104
105
105
105
33
43
44
44
44
45
45
45
46
46
46
47
47
47
48
48
48
102
76
81
114
111
89
114
104
69
76
112
114
111
94
82
75
113
69
89
112
112
113
113
69
98
98
97
97
97
96
96
96
95
95
95
94
94
98
99
99
99
100
100
100
101
70
70
70
71
71
72
72
72
73
73
73
74
74
74
75
75
101
101
102
102
102
103
103
82
82
83
83
83
84
84
84
85
85
85
86
86
86
87
103
104
87
89
88
88
88
87
73
130
209
203
89
208
204
208
122
130
204
73
208
207
88
204
205
205
205
87
88
206
74
74
74
206
206
207
207
129
123
123
88
130
129
123
124
129
75
75
87
87
86
86
86
85
85
85
84
84
84
83
83
83
82
124
124
125
125
125
126
126
126
127
127
127
128
128
128
82
82
81
81
81
80
80
80
79
79
79
78
78
78
77
77
77
76
76
76
75
174
190
97
83
174
96
175
175
96
190
85
84
84
84
190
189
189
95
96
175
176
85
85
86
94
95
95
189
188
176
183
183
184
184
184
185
185
185
186
186
186
187
183
187
188
188
182
182
182
181
181
181
180
180
180
179
179
178
178
178
177
177
177
176
94
94
93
93
93
92
92
92
91
91
91
90
90
90
89
89
89
88
88
88
87
87
87
86
86
187
195
194
99
180
193
98
193
193
194
194
178
179
179
86
85
98
192
180
180
192
188
188
187
188
187
186
186
184
184
183
183
183
182
182
182
181
181
181
189
189
189
190
190
190
86
86
191
191
191
192
97
98
187
184
186
185
185
185
91
97
97
96
96
96
95
95
95
94
94
94
93
93
93
92
92
92
91
87
87
87
88
88
88
89
89
89
90
90
90
91
187
188
83
191
188
190
190
190
189
188
189
189
381
395
396
381
94
394
393
393
393
392
392
392
391
391
391
390
390
390
389
389
389
388
388
388
387
387
387
83
386
386
385
385
385
384
384
384
383
383
383
382
382
382
381
394
394
395
90
91
91
91
92
92
92
93
93
93
94
90
90
89
89
89
88
88
88
87
87
87
86
86
86
85
85
85
84
84
84
386
90
172
436
455
86
177
86
89
90
455
172
437
177
440
440
441
441
441
442
442
442
443
443
443
444
444
444
445
445
445
446
173
174
174
174
175
175
175
176
176
176
177
440
439
439
439
438
438
89
89
88
88
88
87
87
87
86
438
437
437
446
173
173
172
455
454
454
454
453
453
453
452
452
452
451
451
451
450
450
450
449
449
449
448
448
448
447
447
447
446
148
149
148
457
430
440
67
77
77
457
449
67
77
430
457
76
455
455
455
456
456
456
454
454
454
453
453
453
452
452
451
73
73
451
73
74
74
74
75
75
451
450
450
450
72
72
72
71
71
70
70
70
69
69
69
68
68
68
67
439
439
439
438
438
438
437
437
437
436
436
436
435
435
435
75
434
434
76
76
434
433
433
433
432
432
432
431
431
431
452
80
85
110
101
59
52
51
64
64
84
84
102
109
102
72
80
80
109
109
59
108
59
58
58
58
57
57
57
56
56
55
55
55
54
54
54
53
53
53
52
52
82
82
83
83
83
64
65
65
84
102
103
103
103
65
104
104
104
105
105
66
66
66
67
67
67
68
68
68
69
69
69
70
70
70
71
71
105
106
106
106
82
81
81
81
107
107
108
108
56
70
100
100
71
100
71
99
99
91
92
92
72
99
92
95
95
98
98
98
97
97
97
94
94
94
93
93
90
90
91
91
72
72
93
95
96
90
89
89
89
96
73
73
96
73
74
88
88
88
87
87
87
86
86
86
85
85
84
84
84
83
83
83
82
82
82
81
81
81
80
80
80
79
79
79
78
78
78
77
77
77
76
76
76
75
75
75
74
74
85
542
187
486
540
542
541
540
498
540
541
541
158
486
191
188
190
190
187
188
498
189
189
189
190
188
487
495
495
495
496
168
168
167
496
159
158
158
496
497
497
497
168
490
490
489
489
489
488
488
488
487
487
494
490
491
491
491
492
492
493
159
159
160
160
160
161
161
161
162
162
162
163
163
163
493
164
164
164
165
165
165
166
166
166
167
167
493
494
494
492
0
0
0
0
0
0
0
0
0
0
0
0
0
0
0
0
0
0
0
0
0
0
0
0
0
0
0
0
0
0
0
0
0
0
0
0
0
0
0
0
0
0
0
0
0
0
0
0
0
0
0
0
0
0
0
0
0
0
0
0
0
0
0
0
0
0
0
0
0
0
0
0
0
0
0
0
0
0
0
0
0
0
0
0
0
0
0
0
0
0
0
0
0
0
0
0
0
0
0
0
0
0
0
0
0
0
0
0
0
0
0
0
0
0
0
0
0
0
0
0
0
0
0
0
0
0
0
0
0
0
0
0
0
0
0
0
0
0
0
0
0
0
0
0
0
0
0
0
0
0
0
0
0
0
0
0
0
0
0
0
0
0
0
0
0
0
0
0
0
0
0
0
0
0
0
0
0
0
0
0
0
0
0
0
0
0
0
0
0
0
0
0
0
0
0
0
0
0
0
0
0
0
0
0
0
0
0
0
0
0
0
0
0
0
0
0
0
0
0
0
0
0
0
0
0
0
0
0
0
0
0
0
0
0
0
0
0
0
0
0
0
0
0
0
0
0
0
0
0
0
0
0
0
0
0
0
0
0
0
0
0
0
0
0
0
0
0
0
0
0
0
0
0
0
0
0
0
0
0
0
0
0
0
0
0
0
0
0
0
0
0
0
0
0
0
0
0
0
0
0
0
0
0
0
0
0
0
0
0
0
0
0
0
0
0
0
0
0
0
0
0
0
0
0
0
0
0
0
0
0
0
0
0
0
0
0
0
0
0
0
0
0
0
0
0
0
0
0
0
0
0
0
0
0
0
0
0
0
0
0
0
0
0
0
0
0
0
0
0
0
0
0
0
0
0
0
0
0
0
0
0
0
0
0
0
0
0
0
0
0
0
0
0
0
0
0
0
0
0
0
0
0
0
0
0
0
0
0
0
0
0
0
0
0
0
0
0
0
0
0
0
0
0
0
0
0
0
0
0
0
0
0
0
0
0
0
0
0
0
0
0
0
0
0
0
0
0
0
0
0
0
0
0
0
0
0
0
0
0
0
0
0
0
0
0
0
0
0
0
0
0
0
0
0
0
0
0
0
0
0
0
0
0
0
0
0
0
0
0
0
0
0
0
0
0
0
0
0
0
0
0
0
0
0
0
0
0
0
0
0
0
0
0
0
0
0
0
0
0
0
0
0
0
0
0
0
0
0
0
0
0
0
0
0
0
0
0
0
0
0
0
0
0
0
0
0
0
0
0
0
0
0
0
0
0
0
0
0
0
0
