43
212
51
43
212
39
206
207
208
208
207
207
62
208
209
209
209
42
42
42
51
40
210
212
211
211
211
41
87
79
79
41
86
41
40
210
210
40
52
86
85
85
86
85
80
80
80
81
53
52
52
81
61
61
62
62
81
61
60
60
60
59
59
59
58
58
58
57
57
56
56
56
55
84
84
84
83
83
83
82
82
82
55
55
54
54
54
53
53
57
67
71
114
87
118
67
115
115
67
68
81
93
117
118
118
115
108
87
69
68
70
70
70
69
68
69
117
93
93
94
94
94
117
116
116
116
107
107
106
106
106
105
105
86
86
86
85
85
85
84
84
83
83
83
82
82
82
81
95
84
95
105
104
104
104
103
103
102
102
102
101
101
101
100
100
100
99
99
99
98
98
98
97
97
97
96
96
96
95
103
34
65
61
38
76
37
65
35
85
62
84
84
84
83
83
83
36
36
82
62
82
94
94
94
95
95
95
96
96
96
97
97
97
98
98
98
99
99
99
100
100
100
101
101
101
102
102
102
37
37
82
81
81
103
103
103
104
104
104
81
80
80
80
79
79
79
78
78
105
105
105
106
106
106
107
107
78
77
77
36
35
65
64
64
64
63
63
63
62
77
50
50
103
91
79
59
83
72
82
80
79
82
103
59
80
69
70
70
70
71
71
72
69
61
61
60
60
60
69
68
68
68
67
80
81
81
81
82
67
67
62
66
66
66
65
65
65
92
92
92
93
93
93
94
94
94
95
95
95
96
96
96
97
97
97
98
98
98
99
99
99
100
100
100
101
101
101
102
102
102
103
64
64
64
63
63
63
62
62
61
63
170
164
163
164
79
79
79
80
169
168
164
165
107
106
106
61
163
163
73
72
60
96
96
96
168
168
169
169
170
61
61
62
62
62
63
63
73
165
78
98
97
167
167
97
97
167
166
166
166
105
105
106
73
74
74
74
75
75
78
78
77
77
77
165
75
105
104
104
104
103
103
103
76
102
102
101
101
101
100
100
100
99
99
99
98
98
76
76
102
93
93
145
152
92
92
94
94
93
82
92
83
94
95
95
95
96
145
145
91
91
91
148
90
146
146
146
147
147
147
148
96
148
149
149
149
150
150
150
151
151
151
96
97
105
90
89
89
89
104
104
104
103
103
88
88
88
87
87
87
86
86
86
85
85
85
84
84
84
83
83
90
97
101
97
98
98
98
99
99
99
100
100
100
103
102
102
102
101
101
110
109
110
109
109
108
108
108
107
106
106
106
105
105
105
104
104
104
103
103
103
102
102
102
101
101
101
100
100
148
148
149
149
149
150
150
150
151
151
151
152
152
152
153
153
153
154
154
154
100
99
76
76
77
77
77
78
78
78
79
79
79
80
80
80
81
81
81
82
82
82
83
83
83
84
84
84
85
85
85
99
99
98
98
98
97
97
97
96
107
104
159
159
75
83
160
74
74
160
83
166
104
92
166
165
74
165
83
75
103
160
161
161
165
75
162
162
163
163
163
164
164
164
162
161
92
92
76
77
77
77
78
82
82
82
103
103
81
81
81
76
76
78
102
102
102
101
101
101
78
100
100
99
99
99
98
98
98
97
97
97
96
96
96
95
95
95
94
94
94
93
93
93
80
80
80
79
79
79
100
81
84
162
161
83
63
63
63
83
56
82
168
102
81
82
83
82
167
56
57
90
102
167
62
62
162
62
57
57
167
162
61
61
58
163
60
60
60
59
59
59
58
58
163
164
164
164
165
90
91
91
91
92
92
92
93
93
93
94
94
94
165
165
95
95
95
96
96
96
97
97
97
98
98
98
99
99
99
100
100
100
101
101
101
102
166
166
166
163
61
185
96
83
168
96
185
84
169
84
84
95
185
95
88
85
88
87
87
184
184
184
183
183
183
87
86
86
86
85
169
169
170
170
170
171
92
85
92
92
93
93
93
94
94
94
95
88
174
174
175
175
175
176
176
176
177
177
177
178
178
91
91
91
90
174
173
173
173
172
172
172
171
171
179
179
180
180
180
181
181
181
182
182
182
89
90
90
89
89
178
376
374
375
376
374
375
88
182
100
101
375
196
196
195
196
195
195
94
95
96
96
96
97
97
97
98
98
98
194
194
92
91
91
91
90
90
194
193
193
182
183
183
183
184
184
184
185
185
185
186
90
89
89
89
88
192
92
99
99
99
92
100
100
93
93
93
193
95
186
186
187
187
187
188
188
188
189
189
190
190
190
191
191
191
192
192
94
94
95
189
184
191
184
105
185
185
185
186
191
191
190
190
190
189
186
188
188
189
189
187
187
187
186
188
104
83
83
84
84
104
104
103
103
103
102
105
102
101
84
85
85
101
101
100
102
100
86
85
99
99
100
86
89
89
88
88
88
87
89
90
90
90
91
91
91
92
92
92
93
93
93
94
94
94
95
95
96
87
87
86
96
96
97
97
97
98
98
98
99
95
355
173
355
86
94
178
370
174
94
370
356
356
370
173
173
86
177
178
178
356
174
88
88
87
87
87
86
363
363
363
364
364
364
365
365
365
366
366
366
367
367
88
89
89
89
90
90
367
368
368
368
369
369
369
93
93
362
177
177
176
176
176
175
175
175
174
357
357
357
358
358
358
359
359
360
360
360
90
91
91
91
92
92
92
93
361
361
361
362
362
388
422
429
436
419
429
436
398
419
422
429
455
430
419
435
435
421
463
421
422
388
420
421
430
420
420
388
461
461
462
462
462
463
461
460
455
456
456
456
457
457
457
458
458
458
459
459
459
460
398
397
397
397
396
396
396
395
395
394
394
394
393
393
393
392
392
431
431
431
432
432
432
433
433
433
434
434
434
435
392
391
391
391
390
390
390
389
389
389
460
168
52
90
90
90
86
86
86
428
169
169
174
409
173
428
410
173
89
169
87
87
414
415
414
415
416
416
416
417
417
417
418
418
418
419
419
419
420
420
420
421
421
421
422
422
422
423
423
423
424
424
424
425
425
425
426
426
426
427
427
427
414
413
413
413
412
412
412
411
411
411
410
410
173
172
172
172
89
89
88
88
88
87
171
171
171
170
170
170
415
112
60
114
113
96
113
60
113
64
64
63
63
60
61
61
73
61
62
73
62
62
63
83
84
73
74
74
84
96
95
95
95
94
94
94
93
93
74
75
75
75
84
91
79
79
78
78
78
77
77
77
76
76
76
92
92
92
93
82
82
81
79
85
80
81
82
83
83
81
91
90
90
90
89
89
89
88
88
88
87
87
87
86
86
86
85
80
80
85
91
74
74
103
103
75
75
75
90
90
74
91
91
92
92
92
93
93
93
94
94
76
91
103
95
95
94
90
77
77
76
76
102
89
99
99
99
100
100
100
101
101
101
102
102
98
98
98
97
97
97
96
96
96
95
89
89
88
88
88
87
87
87
86
86
82
82
81
81
80
80
80
79
79
79
78
78
78
77
81
86
85
85
85
84
84
84
83
83
82
83
545
91
70
142
1085
49
141
542
141
101
102
102
102
103
92
92
101
103
103
104
101
100
100
544
544
545
544
543
543
543
545
77
72
100
99
76
76
76
99
99
98
75
75
91
49
50
50
50
51
75
98
98
97
97
1085
1085
1086
1086
1086
1087
1087
1087
97
96
96
96
95
74
74
74
142
142
95
95
94
94
94
93
93
73
93
92
73
70
70
71
71
72
72
73
67
71
84
65
64
64
51
72
72
72
73
73
50
74
74
74
75
75
50
65
65
66
66
66
51
50
81
81
82
82
82
83
83
83
73
75
81
80
80
80
76
76
76
64
52
51
63
77
52
52
53
53
53
54
54
55
55
55
56
56
56
57
57
57
58
58
58
59
59
59
60
60
60
61
61
61
62
62
62
63
63
77
77
78
78
78
79
79
79
54
0
0
0
0
0
0
0
0
0
0
0
0
0
0
0
0
0
0
0
0
0
0
0
0
0
0
0
0
0
0
0
0
0
0
0
0
0
0
0
0
0
0
0
0
0
0
0
0
0
0
0
0
0
0
0
0
0
0
0
0
0
0
0
0
0
0
0
0
0
0
0
0
0
0
0
0
0
0
0
0
0
0
0
0
0
0
0
0
0
0
0
0
0
0
0
0
0
0
0
0
0
0
0
0
0
0
0
0
0
0
0
0
0
0
0
0
0
0
0
0
0
0
0
0
0
0
0
0
0
0
0
0
0
0
0
0
0
0
0
0
0
0
0
0
0
0
0
0
0
0
0
0
0
0
0
0
0
0
0
0
0
0
0
0
0
0
0
0
0
0
0
0
0
0
0
0
0
0
0
0
0
0
0
0
0
0
0
0
0
0
0
0
0
0
0
0
0
0
0
0
0
0
0
0
0
0
0
0
0
0
0
0
0
0
0
0
0
0
0
0
0
0
0
0
0
0
0
0
0
0
0
0
0
0
0
0
0
0
0
0
0
0
0
0
0
0
0
0
0
0
0
0
0
0
0
0
0
0
0
0
0
0
0
0
0
0
0
0
0
0
0
0
0
0
0
0
0
0
0
0
0
0
0
0
0
0
0
0
0
0
