219
211
218
212
212
106
218
106
214
214
213
216
217
217
217
213
213
212
38
94
48
48
218
214
45
44
44
44
216
216
215
215
43
43
43
98
42
42
42
41
95
41
40
40
95
95
97
97
97
96
96
96
45
45
46
46
46
47
47
47
40
39
39
106
105
105
105
104
104
104
103
103
103
102
102
102
39
38
101
101
101
100
100
100
99
99
99
98
98
41
114
114
113
84
113
113
84
112
112
112
85
111
111
110
110
89
89
88
89
90
90
90
91
91
91
92
92
92
93
88
93
88
109
109
109
108
108
108
107
87
87
87
86
86
86
85
85
107
106
106
110
111
106
94
94
95
95
95
96
96
96
97
97
97
98
98
94
93
105
103
103
104
104
104
105
105
98
99
99
99
100
100
100
101
101
101
102
102
102
103
94
86
50
35
46
99
99
99
98
98
98
97
97
97
96
96
96
95
95
105
105
104
100
104
103
103
103
48
48
100
48
59
59
59
60
60
47
47
47
95
68
68
49
82
83
83
83
84
84
84
85
60
61
61
61
62
62
62
63
63
63
64
64
68
85
85
86
86
49
49
102
102
46
46
102
67
67
67
66
66
66
65
65
65
64
101
101
101
100
104
91
152
76
81
151
152
144
81
144
152
106
76
76
151
145
77
77
80
81
151
150
148
149
149
149
150
150
94
148
148
147
147
102
147
103
104
104
104
105
105
92
92
91
91
146
105
146
146
145
145
103
92
77
78
78
78
79
79
79
80
80
93
93
93
102
103
94
98
98
98
97
97
97
96
96
96
95
95
95
94
99
99
99
100
100
101
101
101
102
100
103
48
87
37
77
103
37
95
48
86
77
102
47
47
78
95
38
102
47
38
95
86
78
38
39
39
39
40
40
41
41
41
42
42
42
43
43
43
44
44
44
45
45
45
46
46
46
102
101
101
101
100
100
100
99
99
99
98
98
98
97
97
97
96
96
96
86
85
85
85
84
84
84
83
83
83
82
82
82
81
81
81
80
80
80
79
79
79
78
40
69
119
65
55
68
68
48
118
106
66
118
115
91
66
66
67
67
67
68
92
118
117
117
117
116
116
116
106
105
105
105
104
104
103
103
103
102
102
102
101
101
101
100
100
100
99
99
99
98
98
98
97
97
97
96
96
96
95
95
95
94
94
94
48
49
49
49
50
50
50
51
51
51
52
52
52
53
53
53
54
54
54
55
55
93
93
93
92
92
104
69
136
43
93
136
135
49
49
74
69
74
105
131
131
131
44
69
44
44
45
48
71
70
73
73
74
93
93
48
49
135
135
134
134
134
133
133
133
70
70
132
132
104
132
73
72
103
103
102
102
102
101
101
101
100
100
100
99
99
99
103
104
104
98
97
97
97
96
96
96
95
95
95
94
94
94
72
45
45
46
46
46
47
47
47
48
98
71
72
98
124
110
178
174
94
178
174
132
174
178
109
124
94
175
175
175
176
176
176
177
177
177
94
132
95
95
95
96
96
96
97
97
97
98
98
132
99
99
99
100
100
100
101
101
101
102
102
102
103
103
103
104
104
104
105
105
105
106
106
106
107
107
108
108
108
109
109
124
125
125
125
126
126
126
127
127
127
128
128
128
129
129
129
130
130
130
131
131
131
98
402
372
401
401
401
372
372
400
394
376
376
375
375
375
374
374
374
373
373
373
399
395
395
396
396
396
397
397
397
398
398
398
399
399
376
400
400
377
394
394
393
393
393
392
392
392
391
391
391
390
390
390
380
380
380
379
379
379
378
378
378
377
377
381
381
389
389
389
388
388
387
387
387
386
386
386
385
385
385
384
384
384
383
383
383
382
382
382
381
388
439
324
319
319
319
320
320
324
321
323
323
439
321
324
415
322
322
322
320
321
437
437
438
438
438
415
415
416
416
416
426
426
426
425
425
425
424
424
424
423
423
423
422
422
422
421
421
427
427
428
428
428
429
429
429
430
430
431
431
431
432
432
432
433
433
433
434
434
434
435
435
435
436
436
436
437
421
420
420
420
419
419
419
418
418
418
417
417
417
427
98
199
404
191
191
389
390
198
192
192
198
198
97
192
391
390
390
391
98
403
91
197
404
403
391
92
194
194
195
195
195
196
196
196
197
197
91
194
193
193
193
403
402
402
402
393
96
97
97
393
392
392
392
393
394
95
394
394
395
395
396
396
396
397
397
397
398
398
398
399
399
399
400
400
400
401
401
401
96
96
95
92
92
93
93
93
94
94
94
95
188
192
471
192
192
191
191
191
190
190
190
189
189
189
188
188
475
82
83
83
83
84
84
84
85
85
85
86
86
86
87
87
87
88
88
88
89
89
89
90
90
90
91
91
91
92
92
92
93
93
93
94
94
94
95
95
95
96
96
96
97
97
97
98
98
98
99
99
99
100
100
100
101
101
101
102
102
102
103
472
472
472
473
473
473
474
474
474
475
475
60
63
42
59
42
59
58
57
73
74
58
58
59
44
63
64
64
64
65
74
74
75
65
43
43
43
42
44
65
73
57
44
66
66
66
67
67
67
68
68
68
69
69
69
70
70
49
49
49
48
48
50
50
50
51
48
47
47
47
46
46
46
45
45
45
70
71
51
51
52
52
52
53
53
53
71
72
72
72
73
54
57
56
56
56
55
55
55
54
54
92
161
161
162
162
162
163
163
163
164
164
180
164
165
92
81
165
172
171
171
171
170
170
170
169
169
169
168
168
168
167
167
167
166
166
166
165
172
172
173
173
173
174
174
174
175
175
175
176
176
176
177
177
178
178
81
82
82
82
83
83
83
84
84
84
85
85
85
86
86
86
87
87
87
88
88
88
89
89
89
90
90
90
91
91
91
178
179
179
177
154
78
141
142
142
142
143
77
144
144
145
143
164
144
166
77
77
76
76
76
75
75
66
66
165
66
63
75
65
65
65
64
67
74
74
74
73
73
73
72
72
72
71
71
70
70
70
69
69
69
145
145
146
146
146
147
147
147
148
148
148
149
149
149
150
150
150
151
151
151
152
152
152
153
153
153
154
154
68
64
64
63
68
68
67
164
164
165
165
67
88
58
88
59
88
87
59
59
87
85
86
86
86
87
84
85
84
84
65
65
64
64
64
63
63
63
62
62
62
61
61
61
60
60
60
85
83
83
68
67
67
67
66
66
66
65
68
83
68
69
81
81
82
82
82
81
80
80
80
79
79
79
78
78
78
77
77
77
76
76
75
75
75
74
74
74
73
73
73
72
72
72
71
71
70
70
70
69
69
76
80
110
87
109
110
56
100
64
65
56
93
55
60
60
59
59
59
56
74
65
57
57
57
81
87
58
58
58
70
71
71
72
72
72
73
73
73
74
70
69
69
69
68
68
68
67
67
67
66
66
66
65
96
96
81
81
82
82
82
83
83
83
84
84
84
85
85
85
96
97
97
97
98
98
98
99
99
99
100
95
95
86
86
86
87
95
94
94
94
70
124
107
62
129
86
65
145
153
129
91
65
113
124
128
108
128
128
145
86
90
64
65
153
125
124
63
62
62
108
113
64
127
127
127
86
90
64
63
63
125
125
152
126
149
149
150
150
150
151
151
151
152
152
148
148
148
147
147
147
146
90
89
89
89
88
88
88
87
87
87
146
146
145
108
109
109
109
110
110
110
111
111
126
126
111
112
112
112
113
149
54
76
76
58
57
58
58
59
59
57
57
56
56
55
55
55
101
100
100
56
100
79
78
78
78
77
77
77
94
94
95
99
99
99
98
98
98
97
97
96
97
95
96
96
95
94
93
79
79
80
80
80
81
81
81
82
82
82
83
83
83
84
84
84
85
85
85
86
86
86
87
87
88
88
88
89
89
89
90
90
90
91
91
91
92
92
92
93
93
87
0
0
0
0
0
0
0
0
0
0
0
0
0
0
0
0
0
0
0
0
0
0
0
0
0
0
0
0
0
0
0
0
0
0
0
0
0
0
0
0
0
0
0
0
0
0
0
0
0
0
0
0
0
0
0
0
0
0
0
0
0
0
0
0
0
0
0
0
0
0
0
0
0
0
0
0
0
0
0
0
0
0
0
0
0
0
0
0
0
0
0
0
0
0
0
0
0
0
0
0
0
0
0
0
0
0
0
0
0
0
0
0
0
0
0
0
0
0
0
0
0
0
0
0
0
0
0
0
0
0
0
0
0
0
0
0
0
0
0
0
0
0
0
0
0
0
0
0
0
0
0
0
0
0
0
0
0
0
0
0
0
0
0
0
0
0
0
0
0
0
0
0
0
0
0
0
0
0
0
0
0
0
0
0
0
0
0
0
0
0
0
0
0
0
0
0
0
0
0
0
0
0
0
0
0
0
0
0
0
0
0
0
0
0
0
0
0
0
0
0
0
0
0
0
0
0
0
0
0
0
0
0
0
0
0
0
0
0
0
0
0
0
0
0
0
0
0
0
0
0
0
0
0
0
0
0
0
0
0
0
0
0
0
0
0
0
0
0
0
0
0
0
0
0
0
0
0
0
0
0
0
0
0
0
0
0
0
0
0
0
