118
118
148
118
147
119
147
119
147
119
120
146
146
146
145
145
145
144
144
144
143
143
142
142
142
141
141
141
140
140
140
139
139
139
138
138
138
137
137
137
136
136
136
135
135
135
134
134
134
133
133
133
132
132
132
131
131
131
130
130
130
129
129
129
128
128
128
127
127
127
126
126
126
125
125
125
124
124
124
123
123
123
122
122
122
121
121
121
120
120
41
102
102
77
96
56
65
41
35
41
70
36
36
36
56
76
70
101
96
97
102
40
40
65
40
60
60
60
61
61
61
62
62
62
63
63
63
64
64
64
65
59
59
58
58
97
97
58
57
57
57
56
98
98
98
99
99
99
100
100
100
101
101
39
39
70
71
71
72
72
72
73
73
73
74
74
74
75
75
75
76
76
39
38
38
38
37
37
37
59
54
44
45
45
45
46
46
46
47
47
47
48
48
48
49
49
49
50
50
50
51
51
51
52
52
52
53
53
53
54
54
77
77
78
78
78
79
79
80
80
80
81
81
81
82
82
82
83
83
83
84
84
84
85
85
85
86
86
86
87
87
94
95
95
95
96
96
96
97
97
97
98
98
98
99
99
99
100
100
100
101
101
101
102
102
102
103
103
103
79
33
33
60
62
61
90
84
49
96
133
60
60
103
103
46
46
103
104
45
45
45
102
102
102
132
132
132
131
131
131
97
97
101
127
127
101
101
98
61
61
130
130
100
100
100
104
104
105
105
105
99
99
90
89
89
89
88
88
88
87
87
87
86
86
86
85
85
85
84
99
46
106
97
98
130
129
129
129
128
128
128
47
47
47
48
48
48
49
49
98
94
32
37
105
33
47
68
37
36
63
33
33
55
34
104
105
55
95
95
63
64
64
105
95
36
36
35
47
67
67
67
35
34
34
66
66
66
65
65
65
64
47
55
54
54
54
96
96
96
97
97
97
98
98
98
99
99
99
100
100
100
101
101
101
102
102
102
103
103
103
104
104
53
53
53
52
52
52
51
51
51
50
50
50
49
49
49
48
48
48
74
53
76
74
75
74
53
75
96
54
65
65
54
115
54
75
121
105
56
55
55
55
97
121
121
116
64
116
64
101
64
63
63
97
97
98
63
62
62
62
61
61
61
60
60
60
59
59
59
58
58
58
57
98
98
99
57
57
56
56
120
120
120
119
119
119
118
118
118
117
117
99
99
100
100
117
116
100
101
105
104
104
104
103
103
103
102
102
102
101
36
154
148
68
42
68
68
71
71
106
36
42
154
42
41
41
41
40
40
40
39
69
69
69
70
70
70
39
39
38
38
37
93
38
37
149
149
149
153
153
154
37
106
96
95
95
153
152
152
152
151
151
151
150
150
150
95
94
94
94
93
103
103
104
104
104
105
105
105
96
103
102
102
102
101
101
101
100
100
100
99
99
99
98
98
97
97
97
96
98
35
79
77
36
42
41
41
63
63
36
77
78
78
78
42
52
97
79
106
35
36
99
98
98
105
105
105
104
53
53
39
40
40
40
41
63
62
62
62
52
39
39
38
38
38
37
37
37
98
53
61
99
99
104
104
54
100
55
55
55
54
54
56
56
56
57
57
57
58
58
58
59
59
59
100
60
60
61
61
103
103
103
102
102
102
101
101
101
100
60
58
72
55
54
66
49
58
57
55
72
71
71
70
70
70
101
69
69
69
68
68
68
101
102
57
57
56
56
56
55
39
39
40
40
102
67
93
93
94
94
102
67
48
48
49
49
67
48
40
41
41
41
42
42
42
43
43
43
44
44
44
45
45
45
46
46
46
47
47
47
96
101
100
100
100
99
99
99
98
98
98
97
97
94
95
95
97
96
96
95
64
75
71
71
75
72
75
63
119
104
55
93
74
55
62
104
63
63
115
115
56
56
55
115
94
118
119
72
72
73
73
73
74
74
62
94
56
62
61
104
116
118
57
118
95
95
95
96
96
96
97
97
97
98
98
98
99
99
99
100
100
100
101
101
101
102
102
102
103
103
103
61
61
60
60
60
59
59
59
116
116
117
117
117
58
58
58
57
57
94
34
52
51
51
35
94
95
52
52
34
105
34
51
105
105
95
36
36
35
50
50
50
49
42
43
43
43
44
44
44
45
45
45
46
46
47
47
47
48
48
48
49
49
42
42
41
41
41
40
40
40
39
39
39
38
38
38
37
104
104
104
103
103
103
102
102
102
101
101
101
100
100
100
99
99
99
98
98
98
97
97
97
96
96
96
95
37
37
36
46
116
51
106
59
99
59
67
106
38
67
39
39
39
40
40
40
41
41
41
42
42
43
43
43
44
44
44
99
99
100
100
100
101
101
101
102
102
102
103
103
103
104
104
104
105
105
45
45
45
46
46
46
47
47
47
48
48
48
49
49
49
50
50
50
51
51
59
60
60
60
105
61
61
61
62
62
62
63
63
63
64
64
64
65
65
65
66
66
66
42
36
81
72
44
44
44
50
96
43
43
49
96
49
97
49
48
48
48
47
47
47
46
37
37
37
80
46
46
72
81
102
102
102
45
45
80
80
41
41
41
42
42
42
43
45
38
101
101
101
100
100
100
99
99
99
98
98
98
97
97
38
38
39
39
39
40
40
40
72
73
73
73
74
74
74
75
75
75
76
76
77
77
77
78
78
78
79
79
79
76
53
32
97
36
46
97
105
52
36
32
33
34
67
33
33
34
34
35
35
52
47
104
78
97
98
104
78
77
51
51
52
77
68
77
76
76
76
49
75
75
75
74
70
51
50
50
50
104
103
103
103
102
69
69
102
102
101
68
101
101
100
100
100
69
70
70
47
47
67
68
99
99
99
98
98
48
48
48
49
49
71
71
72
73
74
72
72
73
73
74
134
104
60
84
72
96
134
136
135
135
135
134
67
104
60
97
83
97
61
72
103
67
104
97
61
83
98
98
98
102
62
103
61
73
66
66
103
83
64
82
102
102
101
101
101
100
100
100
99
99
99
82
82
81
81
81
80
80
80
79
79
64
63
63
63
62
79
78
78
78
77
62
77
77
76
76
76
75
75
75
74
74
74
64
73
65
65
65
66
73
204
208
207
207
177
177
177
176
178
205
148
205
205
180
207
180
170
206
180
206
178
179
179
170
206
178
148
149
155
156
156
156
150
149
149
157
157
169
169
169
155
155
153
151
152
151
151
150
150
152
168
168
168
167
167
167
166
166
166
165
165
165
164
164
164
163
163
163
162
162
162
161
161
161
160
160
160
159
159
159
158
158
158
157
154
154
154
153
153
152
0
0
0
0
0
0
0
0
0
0
0
0
0
0
0
0
0
0
0
0
0
0
0
0
0
0
0
0
0
0
0
0
0
0
0
0
0
0
0
0
0
0
0
0
0
0
0
0
0
0
0
0
0
0
0
0
0
0
0
0
0
0
0
0
0
0
0
0
0
0
0
0
0
0
0
0
0
0
0
0
0
0
0
0
0
0
0
0
0
0
0
0
0
0
0
0
0
0
0
0
0
0
0
0
0
0
0
0
0
0
0
0
0
0
0
0
0
0
0
0
0
0
0
0
0
0
0
0
0
0
0
0
0
0
0
0
0
0
0
0
0
0
0
0
0
0
0
0
0
0
0
0
0
0
0
0
0
0
0
0
0
0
0
0
0
0
0
0
0
0
0
0
0
0
0
0
0
0
0
0
0
0
0
0
0
0
0
0
0
0
0
0
0
0
0
0
0
0
0
0
0
0
0
0
0
0
0
0
0
0
0
0
0
0
0
0
0
0
0
0
0
0
0
0
0
0
0
0
0
0
0
0
0
0
0
0
0
0
0
0
0
0
0
0
0
0
0
0
0
0
0
0
0
0
0
0
0
0
0
0
0
0
0
0
0
0
0
0
0
0
0
0
0
0
0
0
0
0
0
0
0
0
0
0
0
0
0
0
0
0
0
0
0
0
0
0
0
0
0
0
0
0
0
0
0
0
0
0
0
0
0
0
0
0
0
0
0
0
0
0
0
0
0
0
0
0
0
0
0
0
0
0
0
0
0
0
0
0
0
0
0
0
0
0
0
0
0
0
0
0
0
0
0
0
0
0
0
0
0
0
0
0
0
0
0
0
0
0
0
0
0
0
0
0
0
0
0
0
0
0
0
0
0
0
0
0
0
0
0
0
0
0
0
0
0
0
0
0
0
0
0
0
0
0
0
0
0
0
0
0
0
0
0
0
0
0
0
0
0
0
0
0
0
0
0
0
0
0
0
0
0
0
0
0
0
0
0
0
0
0
0
0
0
0
0
0
0
0
0
0
0
0
0
0
0
0
0
0
0
0
0
0
0
0
0
0
0
0
0
0
0
0
0
0
0
0
0
0
0
0
0
0
0
0
0
0
0
0
0
0
0
0
0
0
0
0
0
0
0
0
0
0
0
0
0
0
0
0
0
0
0
0
0
0
0
0
0
0
0
0
0
0
0
0
0
0
0
0
0
0
0
0
0
0
0
0
0
0
0
0
0
0
0
0
0
0
0
0
0
0
0
0
0
0
0
0
0
0
0
0
