183
184
183
184
86
77
67
57
217
208
57
86
66
208
78
217
208
86
78
58
79
79
78
58
79
216
209
209
209
66
66
85
85
216
85
84
58
59
84
216
65
210
60
61
61
61
62
62
62
63
63
63
64
64
64
65
65
60
60
59
59
210
210
211
211
211
214
213
213
213
214
214
215
215
84
83
83
83
82
82
81
81
81
80
80
80
212
212
212
82
46
80
68
54
55
54
46
87
54
53
52
56
68
80
81
87
56
55
47
47
47
55
52
53
53
52
51
60
60
61
61
61
60
62
62
63
63
63
64
64
64
65
59
59
59
58
58
58
65
65
66
66
66
67
67
67
68
57
57
57
56
51
51
50
50
50
49
81
81
82
82
82
83
83
83
84
84
84
85
85
85
86
86
86
49
49
48
48
48
62
90
67
102
49
66
90
91
101
67
50
58
58
59
59
59
60
60
61
61
61
62
62
62
63
63
63
64
64
64
65
65
65
66
66
58
57
57
57
56
56
56
55
55
55
54
54
54
53
53
53
52
52
91
91
92
92
92
93
93
93
94
94
94
95
95
95
96
96
96
97
97
97
98
98
98
99
99
99
100
100
100
101
101
52
51
51
51
50
50
60
35
32
34
33
33
55
34
34
33
65
47
47
95
48
48
48
53
50
52
52
64
64
53
53
54
54
54
52
55
55
56
56
56
57
57
57
58
58
58
59
59
96
96
96
49
49
49
51
104
104
104
63
63
63
51
51
103
50
64
50
103
60
59
97
97
97
98
98
98
99
99
99
100
100
100
101
101
101
102
62
102
102
103
60
60
61
61
61
62
62
55
37
30
67
37
93
55
102
30
36
36
35
36
102
102
93
94
56
67
67
55
32
31
31
31
37
94
32
94
66
32
33
34
34
35
101
56
34
33
66
101
33
101
57
56
95
95
100
100
100
57
57
58
58
58
59
59
59
60
60
60
61
61
61
62
62
99
63
63
63
64
64
64
65
65
65
66
99
99
98
98
98
97
97
97
96
96
96
95
62
48
117
60
71
71
72
72
116
72
116
116
115
115
115
114
73
73
73
49
92
49
49
50
50
50
51
51
51
96
96
96
95
95
95
94
94
94
93
93
93
103
52
52
52
53
53
53
54
54
54
55
55
55
56
56
97
56
57
57
57
58
58
58
97
97
98
98
98
99
99
99
100
100
59
59
59
60
100
101
101
101
102
102
102
103
105
104
104
104
103
65
93
49
58
49
94
110
44
65
44
64
45
94
48
58
110
45
58
48
110
64
64
59
45
46
46
46
47
47
47
48
109
94
98
98
99
99
99
100
100
100
101
101
101
102
102
102
103
103
103
104
104
104
105
105
105
106
106
106
107
107
108
108
108
109
109
98
97
97
97
96
96
96
95
95
63
63
63
62
62
62
61
61
61
60
60
60
59
59
95
40
36
63
63
62
62
37
37
37
38
38
38
52
64
64
64
65
65
65
66
66
66
67
67
95
95
39
39
39
40
93
94
81
95
96
96
96
97
97
97
98
98
98
99
99
99
100
100
100
101
101
101
102
102
102
103
103
82
82
82
83
83
83
84
84
84
85
85
85
86
94
94
48
49
103
104
49
49
50
50
67
68
68
50
51
51
51
52
52
63
95
81
99
52
52
44
99
96
97
96
64
96
100
100
97
98
65
80
80
80
44
99
45
45
52
98
51
98
97
51
65
65
66
66
79
79
79
45
46
46
46
47
47
47
48
48
48
49
49
49
50
50
50
78
78
51
66
75
75
74
74
74
73
73
73
75
76
76
76
77
67
67
67
68
68
68
69
69
69
70
70
70
71
71
72
72
72
78
77
77
40
69
97
97
107
69
50
106
69
68
63
97
63
63
98
98
99
99
99
100
100
100
101
101
61
60
54
53
53
53
101
64
64
64
65
65
65
66
66
66
102
102
102
103
103
103
104
104
104
105
105
105
106
106
61
61
62
62
62
51
51
51
52
52
52
67
67
67
68
68
98
54
55
55
55
56
56
56
57
57
57
58
58
58
59
59
59
60
60
54
76
35
36
56
46
36
35
79
78
63
77
66
77
96
56
55
55
55
65
96
95
95
95
94
65
106
105
105
105
104
66
47
47
47
48
46
78
63
63
64
64
64
66
65
78
77
54
100
100
100
101
101
101
102
102
49
49
49
50
50
99
99
99
51
50
48
48
51
102
103
103
103
104
104
51
52
98
98
98
52
53
53
53
54
54
97
97
97
96
52
0
0
0
0
0
0
0
0
0
0
0
0
0
0
0
0
0
0
0
0
0
0
0
0
0
0
0
0
0
0
0
0
0
0
0
0
0
0
0
0
0
0
0
0
0
0
0
0
0
0
0
0
0
0
0
0
0
0
0
0
0
0
0
0
0
0
0
0
0
0
0
0
0
0
0
0
0
0
0
0
0
0
0
0
0
0
0
0
0
0
0
0
0
0
0
0
0
0
0
0
0
0
0
0
0
0
0
0
0
0
0
0
0
0
0
0
0
0
0
0
0
0
0
0
0
0
0
0
0
0
0
0
0
0
0
0
0
0
0
0
0
0
0
0
0
0
0
0
0
0
0
0
0
0
0
0
0
0
0
0
0
0
0
0
0
0
0
0
0
0
0
0
0
0
0
0
0
0
0
0
0
0
0
0
0
0
0
0
0
0
0
0
0
0
0
0
0
0
0
0
0
0
0
0
0
0
0
0
0
0
0
0
0
0
0
0
0
0
0
0
0
0
0
0
0
0
0
0
0
0
0
0
0
0
0
0
0
0
0
0
0
0
0
0
0
0
0
0
0
0
0
0
0
0
0
0
0
0
0
0
0
0
0
0
0
0
0
0
0
0
0
0
0
0
0
0
0
0
0
0
0
0
0
0
0
0
0
0
0
0
0
0
0
0
0
0
0
0
0
0
0
0
0
0
0
0
0
0
0
0
0
0
0
0
0
0
0
0
0
0
0
0
0
0
0
0
0
0
0
0
0
0
0
0
0
0
0
0
0
0
0
0
0
0
0
0
0
0
0
0
0
0
0
0
0
0
0
0
0
0
0
0
0
0
0
0
0
0
0
0
0
0
0
0
0
0
0
0
0
0
0
0
0
0
0
0
0
0
0
0
0
0
0
0
0
0
0
0
0
0
0
0
0
0
0
0
0
0
0
0
0
0
0
0
0
0
0
0
0
0
0
0
0
0
0
0
0
0
0
0
0
0
0
0
0
0
0
0
0
0
0
0
0
0
0
0
0
0
0
0
0
0
0
0
0
0
0
0
0
0
0
0
0
0
0
0
0
0
0
0
0
0
0
0
0
0
0
0
0
0
0
0
0
0
0
0
0
0
0
0
0
0
0
0
0
0
0
0
0
0
0
0
0
0
0
0
0
0
0
0
0
0
0
0
0
0
0
0
0
0
0
0
0
0
0
0
0
0
0
0
0
0
0
0
0
0
0
0
0
0
0
0
0
0
0
0
0
0
0
0
0
0
0
0
0
0
0
0
0
0
0
0
0
0
0
0
0
0
0
0
0
0
0
0
0
0
0
0
0
0
0
0
0
0
0
0
0
0
0
0
0
0
0
0
0
0
0
0
0
0
0
0
0
0
0
0
0
0
0
0
0
0
0
0
0
0
0
0
0
0
0
0
0
0
0
0
0
0
0
0
0
0
0
0
0
0
0
0
0
0
0
0
0
0
0
0
0
0
0
0
0
0
0
0
0
0
0
0
0
0
0
0
0
0
0
0
0
0
0
0
0
0
0
0
0
0
0
0
0
0
0
0
0
0
0
0
0
0
0
0
0
0
0
0
0
0
0
0
0
0
0
0
0
0
0
0
0
0
0
0
0
0
0
0
0
0
0
0
0
0
0
0
0
0
0
0
0
0
0
0
0
0
0
0
0
0
0
0
0
0
0
0
0
0
0
0
0
0
0
0
0
0
0
0
0
0
0
0
0
0
0
0
0
0
0
0
0
0
0
0
0
0
0
0
0
0
0
0
0
0
0
0
0
0
0
0
0
0
0
0
0
0
0
0
0
0
0
0
0
0
0
0
0
0
0
0
0
0
0
0
0
0
0
0
0
0
0
0
0
0
0
0
0
0
0
0
0
0
0
0
0
0
0
0
0
0
0
0
0
0
0
0
0
0
0
0
0
0
0
0
0
0
0
0
0
0
0
0
0
0
0
0
0
0
0
0
0
0
0
0
0
0
0
0
0
0
0
0
0
0
0
0
0
0
0
0
0
0
0
0
0
0
0
0
0
0
0
0
0
0
0
0
0
0
0
0
0
0
0
0
0
0
0
0
0
0
0
0
0
0
0
0
0
0
0
0
0
0
0
0
0
0
0
0
0
0
0
0
0
0
0
0
0
0
0
0
0
0
0
0
0
0
0
0
0
0
0
0
0
0
0
0
0
0
0
0
0
0
0
0
0
0
0
0
0
0
0
0
0
0
0
0
0
0
0
0
0
0
0
0
0
0
0
0
0
0
0
0
0
0
0
0
0
0
0
0
0
0
0
0
