81
105
226
208
225
207
225
95
207
225
208
208
209
224
224
224
223
209
105
223
105
95
209
222
223
210
222
222
221
221
221
220
210
211
210
211
220
220
211
219
214
213
213
213
212
212
212
214
214
215
215
216
216
216
217
219
217
218
218
218
219
104
104
104
103
103
103
102
102
102
98
97
97
97
96
96
96
95
217
101
101
101
100
100
99
99
99
98
98
100
94
46
67
94
94
95
95
66
66
67
100
101
101
101
102
46
46
66
95
47
48
48
48
49
49
49
50
50
50
51
47
51
52
52
52
53
53
53
54
54
54
55
55
55
56
56
56
57
57
57
58
58
58
59
59
59
60
60
60
61
61
61
62
62
62
63
63
63
64
64
64
65
65
65
47
96
96
96
97
97
97
98
98
98
99
99
99
100
100
51
82
48
54
82
74
91
54
49
53
74
91
92
92
53
52
74
105
105
50
49
82
81
81
81
50
53
54
75
49
50
52
105
80
51
52
51
51
104
93
92
75
80
80
79
79
79
76
76
76
75
93
93
104
103
103
103
102
102
77
77
77
78
78
78
102
101
101
101
100
100
100
99
99
99
98
98
98
97
97
97
96
96
96
95
95
95
94
94
94
104
68
45
92
69
69
69
92
70
70
71
71
75
75
75
76
76
49
76
77
77
109
109
108
49
48
48
48
47
47
47
46
46
46
77
70
74
105
105
105
104
104
103
103
103
102
102
102
101
101
101
100
106
106
106
107
107
108
108
100
100
99
99
99
98
98
98
97
97
97
96
74
73
73
73
72
72
72
96
96
95
95
95
94
94
94
93
93
93
74
104
75
56
57
57
57
58
58
58
59
59
59
60
60
60
61
61
61
62
62
62
63
63
64
64
64
65
65
65
66
66
66
67
67
67
68
68
68
69
69
69
70
70
73
74
74
74
75
75
94
95
95
95
96
96
96
97
97
97
98
98
98
99
99
99
100
100
100
101
101
101
102
102
102
103
103
103
104
104
104
105
105
105
106
106
106
107
107
108
108
63
72
44
51
67
72
50
50
50
70
45
45
49
68
71
71
70
70
51
68
68
46
45
69
94
93
69
102
79
88
69
79
102
46
87
47
87
87
86
86
94
94
95
95
95
96
96
86
46
49
49
48
48
48
99
99
99
100
100
100
101
101
101
47
81
80
80
80
79
47
81
98
98
98
97
97
97
96
85
85
85
84
84
84
83
83
83
82
82
82
81
50
49
50
75
75
89
107
75
93
78
77
77
107
106
77
88
88
89
76
76
76
93
94
88
94
94
95
95
95
96
96
96
97
97
97
98
98
98
99
99
99
100
100
100
101
101
101
102
102
102
103
103
103
104
104
104
105
105
105
106
106
87
87
87
86
86
86
85
85
85
84
84
84
83
83
82
82
82
81
81
81
80
80
80
79
79
79
78
78
83
86
112
91
118
48
117
82
113
41
85
81
85
82
85
47
117
41
113
104
83
42
92
116
83
82
113
84
84
84
117
83
47
94
94
94
116
116
115
115
115
114
95
95
114
114
42
42
43
43
43
44
44
44
45
45
45
46
46
46
47
93
93
101
95
93
92
92
103
103
103
102
102
96
96
96
97
97
97
98
98
98
99
99
99
100
100
100
101
101
102
95
103
415
393
393
96
415
414
103
96
394
98
97
97
102
102
102
97
96
101
101
101
413
413
414
414
396
395
395
394
394
413
396
396
397
100
100
99
99
99
98
98
412
412
100
397
412
411
411
411
410
407
397
398
398
398
399
399
399
400
400
400
401
401
401
402
402
402
403
403
410
410
409
409
409
408
408
408
407
406
407
406
403
404
404
404
405
405
406
405
153
135
89
135
136
152
152
152
151
73
74
136
89
88
88
138
137
137
148
148
147
147
137
138
88
138
87
87
87
73
161
162
162
162
73
72
163
163
163
164
164
164
136
86
148
149
149
149
150
150
150
151
151
80
86
74
74
75
75
75
76
76
76
77
77
77
78
78
78
79
79
79
80
86
85
85
85
84
84
84
83
83
83
82
82
82
81
81
81
80
190
468
377
190
382
469
469
478
378
378
377
383
377
376
478
479
383
99
381
382
87
382
98
88
378
379
379
379
380
380
380
381
477
469
470
470
477
478
381
98
470
472
472
473
473
473
474
474
474
475
475
475
476
476
90
91
91
91
92
92
92
93
93
93
94
94
94
95
95
95
96
96
96
97
97
97
98
472
471
471
471
90
90
89
89
89
88
88
476
477
97
52
53
53
47
97
73
74
48
48
48
49
49
52
52
96
96
96
95
95
91
49
50
50
50
51
51
51
95
94
94
94
93
93
93
92
92
74
74
75
75
75
76
76
76
77
77
77
78
78
78
79
79
79
80
80
80
81
81
81
82
82
82
83
83
83
84
84
84
85
85
85
86
86
86
87
87
87
88
88
88
89
89
89
90
90
90
91
91
92
195
178
87
100
194
97
97
97
98
98
98
99
99
99
100
96
96
96
95
95
95
94
94
94
93
93
93
92
92
92
91
91
91
194
194
193
193
193
192
192
192
191
191
191
190
190
190
189
189
189
188
188
188
187
187
187
186
186
186
185
185
185
184
184
184
183
183
183
182
182
182
181
181
181
180
180
180
179
179
178
178
90
90
90
89
89
89
88
88
88
91
181
164
79
180
165
164
181
79
80
80
181
90
91
90
90
164
180
89
88
80
88
82
82
82
81
83
81
83
83
84
84
84
85
85
165
85
86
86
86
87
87
87
89
180
179
179
89
176
177
177
177
178
178
178
165
166
166
166
167
167
167
88
81
168
176
176
175
175
175
174
174
174
173
173
173
172
169
172
172
171
171
171
170
170
170
169
168
168
169
72
151
166
86
164
164
164
163
163
163
165
165
151
151
152
165
162
162
85
85
85
152
153
153
153
155
154
154
154
166
72
72
73
73
152
84
73
155
161
155
162
156
76
76
77
77
77
78
78
78
79
79
79
80
80
80
81
81
81
82
82
82
83
83
83
84
84
75
75
75
74
74
74
160
160
159
160
161
161
159
159
158
158
158
157
157
157
156
156
76
96
78
77
95
95
95
64
79
79
79
66
74
75
65
65
65
66
66
75
76
76
81
80
80
80
76
75
92
92
92
93
93
93
94
94
94
91
83
91
81
81
82
82
82
91
90
90
90
89
89
89
88
70
70
70
71
71
72
72
72
73
73
73
74
74
88
88
67
67
67
68
68
68
69
87
87
87
86
86
86
85
85
85
84
84
84
83
69
69
83
128
79
112
126
160
110
112
149
150
150
150
151
151
151
152
152
152
153
153
153
154
154
154
155
155
155
156
149
156
157
157
157
158
158
158
159
159
159
160
149
148
148
81
81
81
80
88
88
89
148
147
80
147
147
146
146
80
79
146
145
127
127
127
126
126
82
82
82
83
83
88
87
87
87
86
86
83
84
111
84
128
128
86
85
85
85
84
111
111
156
197
175
103
69
72
175
179
178
176
175
71
69
69
178
90
176
71
113
70
103
70
178
79
80
80
80
81
79
81
82
82
82
83
83
83
84
84
84
85
79
78
78
177
177
177
176
110
110
111
70
111
111
112
112
110
109
109
109
108
108
108
107
107
106
85
85
86
86
86
87
87
87
88
88
88
89
89
89
112
106
106
105
105
105
104
104
104
113
113
81
102
73
102
101
72
73
101
101
73
100
74
100
74
100
99
99
99
98
98
98
97
97
97
96
96
96
95
95
95
94
94
94
93
93
93
92
92
92
91
91
91
90
90
89
74
75
75
75
76
76
76
77
77
77
78
78
78
79
79
79
80
80
80
81
81
81
82
82
82
83
83
83
84
84
84
85
85
85
86
86
86
87
87
87
88
88
88
89
89
90
165
90
171
166
170
170
240
166
74
166
90
232
89
87
88
88
75
75
75
76
76
76
77
77
77
78
78
78
88
89
89
170
169
169
169
232
233
233
233
234
234
234
235
235
235
236
236
236
237
237
237
238
238
238
239
239
239
240
168
168
168
167
167
167
87
79
79
79
80
80
80
81
81
81
82
82
82
83
83
83
84
84
84
85
85
85
86
86
86
87
51
83
85
162
103
103
103
104
104
104
105
163
163
163
164
164
164
165
165
165
166
166
166
167
167
167
168
168
95
95
94
94
93
93
85
84
84
84
83
83
60
60
60
59
59
59
58
52
52
52
53
53
53
54
54
54
55
55
58
58
57
57
57
56
94
55
102
102
102
101
101
101
100
100
100
99
99
99
56
98
98
97
97
97
96
96
96
95
56
98
105
66
68
103
104
104
81
80
80
66
66
67
67
67
68
104
87
105
80
86
87
79
87
88
88
88
89
89
89
90
90
90
91
91
91
92
92
79
79
68
105
103
92
86
86
85
85
82
81
81
103
93
97
98
98
98
99
99
99
100
100
100
101
101
101
102
102
102
97
97
96
96
96
95
95
95
94
94
94
93
85
84
84
84
83
83
83
82
82
93
86
83
29
92
33
86
61
55
85
93
93
93
94
94
94
95
95
95
96
96
