206
154
206
154
219
220
138
153
219
219
207
153
207
218
207
153
138
218
218
208
217
217
216
216
216
215
215
214
217
208
209
139
138
152
152
152
209
209
208
214
151
139
151
151
210
210
210
211
211
211
212
212
212
213
213
213
214
139
149
140
140
140
141
141
141
142
142
142
143
143
144
144
144
145
145
145
146
146
146
147
147
147
148
148
148
150
150
150
149
149
120
83
96
119
119
103
114
119
115
115
118
84
115
116
116
114
114
118
118
96
116
117
103
84
84
112
95
113
113
113
103
117
117
112
89
90
90
90
91
91
91
92
92
92
93
93
93
94
94
94
95
95
89
89
88
88
88
87
87
87
86
86
86
85
85
85
104
104
104
105
105
105
106
106
107
107
108
108
108
109
109
109
110
110
110
111
111
111
112
106
72
30
30
31
31
31
54
55
55
32
32
32
33
33
55
77
33
77
76
34
50
41
50
49
49
40
76
76
75
75
75
74
74
64
64
64
74
73
65
41
73
73
41
72
42
44
44
44
43
63
63
63
62
62
62
61
43
43
58
57
57
56
56
56
42
42
49
48
48
48
47
47
47
46
57
46
61
61
60
46
60
59
59
59
58
58
45
45
45
60
87
71
69
70
70
70
69
81
87
86
60
81
39
81
59
59
85
85
85
86
82
82
82
83
86
39
83
54
53
53
53
54
54
84
39
84
84
83
52
45
55
55
55
56
56
52
52
51
51
51
50
50
50
40
40
40
41
41
41
42
42
42
43
43
49
49
49
48
48
48
56
47
57
47
47
46
46
46
45
43
57
57
58
58
58
59
44
44
44
45
108
64
64
63
40
40
39
40
64
65
112
111
111
111
110
110
110
109
109
109
108
39
63
62
62
42
42
41
41
41
63
62
43
43
42
61
61
59
59
59
60
60
60
61
58
58
58
57
57
56
56
56
55
55
55
54
54
54
53
53
53
52
52
52
51
51
51
50
50
50
49
49
49
48
48
48
47
47
47
46
46
46
45
45
45
44
44
44
43
57
74
51
75
70
85
69
51
75
84
75
76
76
76
77
77
77
78
78
79
79
81
82
82
82
83
69
69
68
68
83
83
84
84
51
52
52
52
78
81
65
81
80
80
80
79
68
67
67
67
66
66
66
53
53
53
54
54
54
55
55
55
56
56
56
57
57
57
58
58
58
59
59
59
60
60
60
61
61
61
62
62
62
63
63
63
64
64
64
65
65
31
95
40
55
48
32
109
55
109
32
55
49
39
95
49
39
32
108
54
33
54
49
39
95
108
33
33
34
34
34
35
35
36
36
36
37
37
37
38
38
38
50
50
50
51
51
51
52
52
52
53
53
53
54
103
108
107
107
106
106
106
105
105
105
104
104
104
96
96
96
97
97
97
98
98
98
99
99
99
100
100
100
101
101
101
102
102
102
103
103
62
60
61
62
55
28
28
27
28
29
37
29
29
36
37
30
37
38
38
38
39
53
53
53
54
54
54
55
30
30
31
31
31
32
32
32
33
33
33
61
61
34
34
34
35
35
36
36
55
52
41
41
40
40
40
39
39
51
52
52
51
51
50
50
50
49
49
49
48
48
48
47
47
47
46
46
46
45
45
45
44
44
44
43
43
43
42
42
41
42
56
79
24
82
28
27
27
27
26
26
26
25
25
25
28
29
29
29
30
30
30
31
31
31
32
37
37
80
80
80
56
81
81
81
82
28
55
55
38
38
38
55
54
39
54
39
52
53
53
53
54
52
52
51
51
51
50
50
50
49
49
49
48
48
48
47
47
46
46
46
45
45
45
44
44
44
43
43
43
42
42
42
41
41
41
40
40
40
39
47
32
76
29
28
72
31
72
28
72
64
73
53
58
75
75
76
31
75
74
73
73
63
74
51
74
63
63
62
62
62
61
61
61
60
60
60
59
59
59
29
29
30
30
30
31
38
38
39
39
39
40
40
40
41
41
41
42
42
42
43
43
43
44
44
44
45
45
45
53
53
52
52
52
51
46
46
46
47
47
47
48
48
48
49
49
49
50
50
50
51
138
138
144
143
107
138
43
94
143
106
106
106
105
105
105
104
104
104
44
44
45
45
45
46
46
46
47
47
47
48
48
48
49
49
49
50
50
50
51
51
51
52
52
52
53
53
53
54
54
54
103
103
103
102
102
102
101
101
101
100
100
100
99
99
139
139
139
140
140
140
141
141
141
142
142
142
99
98
98
98
97
97
97
96
96
96
95
95
95
44
43
42
39
64
53
40
41
91
42
42
39
105
39
64
40
41
40
56
57
57
57
58
58
58
59
59
59
60
60
60
61
61
61
62
62
62
63
63
56
56
55
55
41
55
54
104
104
104
103
103
103
102
102
102
101
101
101
100
100
100
99
99
99
98
98
98
54
54
53
97
97
97
96
96
96
95
95
95
94
94
94
93
93
93
92
92
92
91
53
63
51
103
51
103
77
95
84
102
64
64
64
65
102
102
101
101
101
100
100
100
99
82
82
99
99
98
98
98
78
78
97
78
79
79
79
80
53
53
52
52
52
51
97
82
83
83
83
84
97
96
96
96
95
65
80
81
62
62
61
61
81
81
80
53
54
54
54
55
55
56
61
60
60
60
59
59
59
56
56
57
62
57
58
58
58
57
63
63
63
55
44
80
106
81
81
81
82
41
41
41
42
42
44
44
43
82
82
83
83
83
84
43
43
85
85
85
86
86
84
86
87
87
87
88
84
42
88
89
89
89
88
90
106
90
94
93
93
93
92
92
92
91
105
91
91
105
104
94
105
104
104
90
103
100
100
101
101
101
102
102
102
103
103
99
100
94
95
95
95
96
96
96
97
97
97
98
98
98
99
99
37
38
38
62
106
61
61
60
60
60
61
45
45
46
46
45
59
59
59
58
58
58
57
104
105
105
47
47
44
95
95
95
96
96
105
57
57
56
56
56
55
55
55
54
47
48
104
46
104
96
54
54
48
48
103
53
103
103
102
102
102
101
101
101
100
100
100
99
99
99
98
98
98
97
97
97
53
53
52
52
52
51
51
51
50
50
50
49
49
49
87
90
99
44
44
44
45
45
45
46
46
46
47
47
47
48
48
48
49
49
49
50
50
50
51
90
90
91
51
52
75
75
76
91
91
92
92
92
76
76
77
77
77
93
93
93
94
94
78
78
78
79
79
94
95
95
95
96
79
80
80
80
81
81
81
82
82
82
83
83
83
84
84
84
96
96
97
97
97
98
98
98
99
85
85
85
86
86
86
51
32
91
92
67
92
92
44
33
97
97
96
66
33
33
78
78
44
96
96
95
95
67
67
68
68
68
69
93
93
93
95
44
35
43
94
94
94
34
34
34
78
77
77
77
76
75
76
76
35
41
41
41
42
42
75
75
74
74
74
73
73
73
72
72
72
42
43
43
71
70
70
70
69
69
40
40
40
39
39
39
38
38
38
37
37
37
36
36
36
71
81
70
67
54
47
70
91
67
67
68
70
68
81
52
69
96
96
96
69
49
48
48
48
47
90
69
90
104
104
53
53
53
52
52
68
51
100
101
101
102
102
102
49
49
97
98
97
101
97
98
81
82
82
82
83
83
83
84
84
84
85
85
85
86
86
86
87
87
87
88
88
88
89
89
89
90
98
50
50
99
99
99
50
51
51
103
103
103
100
100
63
146
84
82
39
35
84
83
83
83
151
62
57
92
150
150
149
149
149
148
148
148
147
147
147
150
151
151
58
35
36
93
93
93
94
94
94
95
95
95
96
96
96
97
97
97
98
98
98
99
99
99
100
100
100
101
101
101
102
102
102
103
103
103
104
104
104
58
58
59
59
60
60
60
61
61
61
105
36
36
62
62
37
37
37
38
38
38
39
59
92
54
108
108
41
92
54
93
93
94
94
94
95
95
95
96
96
96
97
97
97
98
98
53
54
47
93
53
53
52
52
52
51
51
51
50
50
50
49
98
99
99
99
100
100
100
101
101
101
102
102
102
103
103
103
104
104
104
105
105
105
106
106
106
107
107
49
49
48
48
48
47
41
41
42
42
42
43
43
43
44
44
44
45
45
45
46
46
46
47
65
42
56
96
51
107
57
106
106
43
42
96
96
51
50
64
64
64
56
56
97
106
63
63
63
62
62
62
61
50
61
61
60
60
60
59
59
59
58
58
58
57
57
97
97
98
98
98
99
99
99
100
100
100
43
43
44
44
44
45
45
45
101
101
101
102
102
102
103
103
103
104
104
104
105
105
105
46
46
46
47
47
47
48
48
48
49
49
49
50
103
91
103
103
91
26
102
91
43
102
92
26
43
101
102
101
100
93
93
92
92
101
93
27
94
94
94
95
95
100
100
99
99
99
98
98
98
95
96
96
97
97
42
42
42
41
41
41
40
27
27
28
28
28
29
29
29
96
97
40
32
37
37
36
36
36
35
35
40
34
34
34
33
33
33
30
30
30
31
31
31
32
37
38
38
38
39
39
39
32
27
60
59
54
54
33
33
47
96
40
41
105
106
27
27
43
28
28
28
29
