207
205
207
205
207
108
108
108
107
206
54
55
55
55
56
56
56
57
57
57
206
206
205
63
64
64
64
65
65
65
66
66
66
67
67
67
68
68
68
69
69
107
106
96
97
97
97
98
98
58
58
100
58
59
59
59
60
60
60
61
61
61
62
62
62
63
63
106
106
105
105
105
104
104
104
103
103
103
102
102
102
101
101
98
99
99
99
100
100
101
31
32
32
33
33
33
34
55
55
34
34
35
35
36
95
95
95
94
94
36
36
37
37
37
38
38
38
32
39
39
40
40
40
41
41
54
54
54
53
53
53
52
47
48
48
48
31
104
104
105
105
105
41
49
49
49
50
50
39
96
104
103
103
103
102
102
102
101
101
101
100
100
100
99
99
99
98
98
98
97
97
97
96
50
96
52
52
51
51
51
120
117
119
119
117
73
117
119
118
91
92
92
92
93
93
93
91
94
94
95
95
95
84
83
83
83
82
82
82
81
81
81
80
80
80
79
79
79
118
118
102
102
103
103
103
104
104
104
105
105
105
106
106
106
107
78
78
78
77
77
77
76
76
76
75
75
75
74
74
74
94
96
102
101
101
101
100
100
100
99
99
99
98
98
98
97
97
96
96
97
107
79
68
79
68
88
78
78
107
69
69
69
70
89
106
78
77
77
77
70
70
71
89
106
76
71
76
72
72
76
96
96
97
97
97
98
98
96
99
99
99
100
100
100
101
72
95
95
95
94
94
94
93
93
93
92
92
92
91
91
91
90
90
90
89
73
73
101
101
102
102
102
103
103
103
104
104
104
105
105
105
106
73
74
74
74
75
75
75
98
84
39
84
112
39
51
51
50
114
114
86
112
48
101
48
47
47
47
114
113
113
113
48
49
49
49
50
50
46
46
46
45
45
45
44
44
44
43
43
43
105
104
104
104
103
103
103
102
102
102
42
42
42
41
84
85
85
85
41
41
40
40
40
92
93
93
93
94
94
94
95
95
95
96
96
96
97
97
97
98
98
98
99
99
99
100
100
100
101
101
66
77
72
73
84
67
71
84
78
70
77
71
77
72
72
68
68
67
67
70
78
68
69
93
69
70
69
78
94
94
79
79
109
94
79
97
93
80
80
80
81
81
105
95
81
95
95
105
105
82
96
96
96
97
82
82
83
83
83
106
106
106
107
107
108
108
108
109
97
104
104
104
103
103
103
102
102
102
101
101
100
100
100
99
99
99
98
98
98
101
235
237
235
62
236
75
75
74
74
74
67
68
75
76
68
68
69
73
73
104
105
105
105
235
236
236
67
67
93
93
92
92
66
66
66
65
65
65
64
64
64
63
63
62
62
73
63
72
93
94
94
94
95
95
95
96
96
96
97
97
97
98
98
98
99
99
99
100
100
100
101
101
101
102
102
102
103
103
69
69
70
70
70
71
71
72
72
103
104
104
49
64
45
49
46
58
48
46
48
47
106
46
48
87
47
88
60
60
60
59
62
63
63
63
64
64
59
59
58
47
88
106
87
62
105
104
104
104
103
103
103
102
105
105
62
61
61
61
102
88
89
89
89
90
90
90
91
91
91
92
92
92
93
93
93
94
94
94
95
95
95
96
96
96
97
97
97
98
98
98
99
99
99
100
100
100
101
101
101
102
118
117
92
117
117
84
93
107
70
84
104
96
95
95
104
105
70
71
71
72
72
72
105
73
73
74
74
74
75
95
94
94
94
93
93
105
106
106
106
96
79
79
79
80
80
80
81
81
81
82
82
82
83
83
83
73
78
78
103
78
77
77
77
76
76
76
75
75
103
103
104
102
96
97
97
97
98
98
98
99
99
99
100
100
100
101
101
101
102
102
61
65
77
114
89
62
89
64
86
73
76
95
95
114
114
113
113
63
76
76
75
75
87
75
74
74
74
87
87
88
88
88
109
108
108
64
62
62
63
63
64
109
113
112
112
112
111
111
111
110
110
110
109
108
107
107
106
106
106
105
105
105
104
104
104
103
103
103
102
102
102
101
101
101
100
100
100
99
99
99
98
98
98
97
97
96
96
96
95
97
205
165
242
220
179
179
178
167
252
252
202
252
232
205
224
225
225
225
226
226
226
227
227
227
228
228
228
229
229
229
230
230
230
231
231
231
224
213
213
224
217
205
204
204
204
203
203
203
202
202
213
237
237
237
238
238
238
239
239
239
240
240
240
241
241
241
214
214
214
215
215
216
216
216
220
219
219
167
219
218
218
218
167
166
166
166
165
165
217
217
391
101
94
414
98
97
96
97
98
98
413
101
100
392
392
392
393
393
96
96
95
95
95
94
100
100
413
413
99
99
414
412
99
97
397
397
396
396
396
395
395
394
394
394
398
398
398
399
399
399
400
400
393
406
406
407
407
407
408
408
408
409
409
409
410
410
410
411
411
411
412
412
397
406
401
401
400
401
402
402
402
403
403
403
404
404
405
405
405
404
387
406
384
382
82
82
97
79
406
406
405
405
382
383
383
383
389
388
388
388
92
405
92
93
93
93
94
94
92
404
404
404
403
403
403
402
402
402
401
401
94
95
95
401
400
400
400
399
95
399
399
398
398
397
397
397
396
396
396
395
395
394
394
394
393
393
393
392
392
392
391
391
391
390
390
390
389
389
79
80
80
96
96
96
97
80
81
81
81
398
190
190
479
190
468
101
479
468
84
469
469
101
479
469
478
470
478
478
84
470
470
477
100
477
477
476
476
476
475
475
475
474
474
474
473
100
100
99
99
99
98
98
98
97
97
97
96
96
96
95
95
95
94
94
94
93
93
93
473
473
472
472
472
471
471
471
92
92
92
91
91
91
90
90
90
89
89
88
88
88
87
87
87
86
86
86
85
85
85
89
49
60
86
73
64
77
78
77
64
50
50
72
85
86
73
60
60
49
65
65
50
59
72
72
65
51
85
78
78
59
85
79
51
66
66
66
51
59
58
71
52
84
71
79
69
70
70
70
69
68
67
67
67
84
80
83
79
58
58
52
52
84
68
69
68
55
57
57
57
56
56
53
53
53
54
80
80
81
81
81
82
82
82
83
83
54
54
56
55
55
188
188
185
91
162
79
185
187
186
162
186
80
91
186
187
187
176
163
165
82
90
176
176
175
175
90
90
89
89
81
81
81
80
89
88
175
163
80
163
164
164
164
165
82
82
166
83
83
83
84
84
84
85
85
85
86
86
86
87
87
87
88
88
165
174
174
174
173
173
173
172
172
172
171
171
171
170
170
170
169
169
169
168
168
168
167
167
167
166
166
238
237
238
74
237
87
167
167
152
86
153
153
85
85
154
74
74
165
75
75
75
165
165
166
166
166
167
76
154
154
85
86
86
153
84
160
160
159
84
159
159
158
158
161
158
157
157
157
156
161
161
162
162
162
156
156
155
155
164
164
164
155
76
76
77
77
163
77
78
78
78
79
79
79
80
80
80
81
81
163
163
81
82
82
82
83
83
83
84
160
154
145
90
89
145
89
154
69
89
88
154
146
146
87
88
88
70
87
147
149
148
148
148
86
149
87
86
86
70
147
146
153
153
153
152
152
152
151
147
149
150
150
151
151
85
85
70
150
85
76
76
76
75
75
75
74
74
74
73
73
73
72
72
77
77
72
71
71
77
78
78
79
79
79
80
80
80
81
81
81
82
82
82
83
83
83
84
84
84
78
79
68
47
47
47
48
48
48
49
49
49
50
54
54
54
55
55
56
56
56
57
57
57
58
58
58
59
59
59
60
60
60
61
61
61
62
62
62
63
63
63
64
64
64
65
65
65
66
66
66
67
67
67
80
80
80
81
81
81
82
82
82
83
83
83
84
84
84
85
85
85
86
86
86
87
87
87
88
88
88
89
89
89
90
90
90
91
91
91
55
145
175
175
146
174
174
173
173
173
146
146
174
172
160
172
171
147
162
161
161
161
172
160
151
151
151
152
152
152
153
153
153
154
154
154
155
155
155
156
156
156
157
157
157
158
158
158
159
159
159
171
171
170
150
150
150
149
149
149
148
148
148
147
147
170
170
169
169
169
160
168
168
167
167
167
166
166
166
165
165
165
164
164
164
163
163
163
162
162
168
77
107
106
78
78
77
106
79
106
78
105
79
105
79
80
105
104
80
80
103
103
103
104
104
81
81
81
102
97
96
96
96
95
95
95
94
94
94
93
93
93
92
92
97
91
91
91
90
90
90
89
89
89
88
88
88
87
87
87
86
86
86
85
85
85
84
84
84
83
83
83
82
82
82
97
98
98
98
99
99
99
100
100
100
101
101
101
102
102
92
79
92
80
57
107
56
39
50
50
92
50
45
45
46
39
40
45
56
106
51
51
51
52
52
52
106
106
105
105
105
104
104
104
103
103
103
102
102
102
101
101
101
100
100
100
53
53
53
54
54
54
55
55
99
99
99
98
55
56
98
40
40
41
41
41
98
97
42
42
42
97
97
96
96
96
95
95
43
43
44
95
94
94
94
93
44
44
93
93
43
179
105
173
152
178
174
174
194
152
152
104
105
157
187
158
95
94
158
178
193
