43
70
75
43
36
70
75
42
74
70
36
108
42
99
99
100
100
100
101
101
101
102
102
102
103
103
103
104
104
104
105
105
105
106
106
106
107
107
108
98
98
98
97
97
97
96
96
37
37
37
38
38
38
39
39
39
40
40
40
41
41
41
42
96
95
95
95
94
94
94
93
93
93
92
92
92
91
91
91
71
71
72
72
72
73
73
73
74
74
99
69
72
71
70
70
71
70
87
122
81
82
122
93
114
106
86
84
86
83
115
83
106
115
114
114
83
82
82
85
85
85
120
121
121
121
94
86
84
120
120
119
119
119
118
118
118
117
117
117
116
116
116
115
84
106
105
105
105
104
104
103
103
103
102
102
102
101
101
101
100
100
100
99
99
99
98
98
98
97
97
97
96
96
96
95
95
95
94
94
104
52
45
83
106
45
74
82
75
74
74
45
46
81
82
82
46
46
47
93
51
51
52
52
105
94
105
81
81
80
80
80
76
76
75
75
47
47
48
48
48
49
49
49
50
50
50
51
94
79
97
96
96
96
95
95
95
94
97
97
98
98
98
99
99
99
100
100
100
101
101
101
102
102
102
103
103
103
104
104
104
105
79
78
78
78
77
77
77
76
79
60
43
105
43
43
58
58
105
44
93
93
59
59
44
44
58
59
45
48
48
49
49
48
47
49
50
47
47
46
94
94
94
95
95
95
96
96
96
97
97
97
98
98
46
99
99
99
100
100
100
101
101
101
102
102
102
103
103
103
104
104
104
105
46
45
50
50
51
51
51
52
52
52
53
53
53
54
54
54
55
55
55
56
56
56
57
57
57
45
98
83
39
103
33
76
98
82
57
82
103
99
69
103
38
77
39
34
34
99
35
35
57
81
77
37
38
69
38
102
34
102
82
81
100
99
77
78
100
36
37
37
36
81
58
59
59
59
60
60
58
61
61
61
62
78
100
101
101
101
102
78
79
79
64
64
65
65
65
58
66
66
66
67
67
36
67
68
68
68
79
80
80
80
60
62
62
63
63
64
63
54
54
35
68
36
37
37
37
38
68
38
38
39
36
36
39
39
40
40
40
41
41
41
42
42
73
104
104
104
103
103
103
102
102
102
101
101
101
100
100
100
99
99
99
98
98
98
97
97
97
96
96
96
95
95
95
94
94
94
93
93
93
92
92
92
91
91
91
90
90
90
89
89
89
88
88
88
87
73
72
72
71
71
70
70
70
69
69
69
72
60
85
49
79
106
85
93
80
49
60
80
54
55
55
55
56
56
56
57
57
57
58
58
58
59
59
59
54
54
53
53
53
52
84
84
84
83
83
83
52
52
51
94
94
95
95
95
96
96
96
97
97
97
98
98
98
99
99
99
100
100
100
101
101
101
102
102
102
103
103
103
104
104
104
105
105
105
51
51
82
82
82
81
81
81
80
50
50
50
94
76
76
70
70
65
70
85
78
78
79
79
79
80
80
80
81
81
68
68
68
67
67
78
107
107
81
82
82
82
83
83
83
84
84
84
69
77
67
66
66
66
65
65
77
77
76
69
105
69
93
93
93
94
94
94
95
95
95
96
96
96
97
97
97
98
98
98
99
106
106
106
105
99
99
100
100
100
101
101
101
102
102
102
103
103
103
104
104
104
105
69
105
83
83
82
79
79
79
78
68
92
58
58
58
105
82
94
94
94
95
95
95
96
96
96
97
97
97
98
98
98
99
99
99
100
100
100
101
101
101
102
102
102
103
103
103
104
104
104
93
93
93
92
92
66
82
81
81
81
80
80
80
68
68
67
67
67
59
59
59
60
60
60
61
61
61
62
62
62
63
63
63
64
64
64
65
65
65
66
66
116
60
112
69
68
90
90
91
68
116
116
115
113
115
62
114
114
106
106
68
61
61
61
113
114
113
112
112
115
62
95
94
94
95
95
96
96
96
97
97
105
105
105
104
104
104
103
103
103
94
93
93
93
92
92
92
91
91
102
102
102
101
101
101
100
100
67
67
67
66
66
66
65
65
65
64
64
64
63
63
63
62
97
99
98
98
98
100
99
99
230
335
227
229
229
230
335
226
335
112
320
227
227
320
334
229
333
334
334
333
333
332
332
332
331
331
324
324
324
331
323
323
322
321
330
330
330
329
329
325
228
228
228
329
328
328
328
327
327
322
322
327
326
321
326
101
101
102
102
102
103
103
103
104
104
104
105
105
105
106
106
106
107
107
108
108
108
109
109
109
110
110
110
111
111
111
326
321
325
325
105
75
76
78
78
78
105
104
77
77
104
104
103
76
76
90
91
91
91
77
103
79
93
92
92
92
90
79
79
90
89
89
103
93
102
102
102
101
101
101
100
100
100
99
99
99
98
98
98
97
97
97
96
96
96
95
95
95
94
94
94
93
81
80
80
80
81
89
88
88
88
87
87
87
86
86
86
85
85
85
84
84
84
83
83
83
82
82
82
81
192
399
399
399
388
398
398
398
199
394
389
390
90
192
396
396
396
198
389
389
395
102
388
395
394
394
193
397
397
397
390
393
393
392
392
392
198
198
197
391
391
391
390
194
193
193
91
101
393
197
97
96
96
96
197
196
196
196
195
195
195
194
194
100
95
95
95
94
94
94
93
93
93
92
97
97
98
98
92
92
91
91
101
101
98
99
99
99
100
100
76
75
103
99
99
100
100
103
71
72
72
72
73
99
101
98
50
50
102
75
75
76
49
102
102
71
101
70
70
70
69
69
68
68
68
67
67
66
67
69
50
51
51
51
52
52
52
53
53
53
54
54
54
100
101
66
56
57
66
65
65
65
64
64
64
63
63
63
62
62
62
56
55
55
55
57
57
58
58
58
59
59
59
56
61
61
60
60
60
61
157
79
173
92
79
158
158
173
159
92
92
172
173
80
158
159
81
81
80
80
170
172
172
91
91
91
171
171
171
159
160
160
160
161
161
161
170
85
84
84
85
85
86
86
86
87
87
87
88
88
88
89
89
89
90
90
90
84
83
83
83
82
82
82
81
162
162
162
163
163
163
164
164
164
165
165
166
166
166
167
167
167
168
168
168
169
169
169
170
165
172
171
156
171
171
89
88
75
157
156
75
88
170
170
169
76
76
157
157
87
88
170
76
87
77
169
77
158
87
158
83
84
84
84
85
85
85
86
86
86
83
165
164
164
164
163
163
163
162
162
162
161
161
161
160
165
166
166
166
167
167
167
168
168
168
160
160
159
159
159
78
78
77
169
83
82
82
82
81
81
81
78
158
80
80
80
79
79
79
165
68
145
158
84
158
145
158
155
154
154
154
153
153
153
152
152
152
151
151
151
150
150
150
149
149
149
148
148
147
147
147
146
146
146
145
155
155
156
156
156
157
68
69
69
69
70
70
70
71
71
72
72
72
73
73
73
74
74
74
75
75
75
76
76
76
77
77
77
78
78
78
79
79
79
80
80
80
81
81
81
82
82
82
83
83
83
84
157
157
148
90
61
97
91
97
61
83
61
97
91
62
91
96
62
96
71
71
70
70
70
69
69
69
68
68
68
67
67
67
66
66
66
65
65
65
64
64
64
63
63
63
62
72
72
72
73
73
73
74
74
74
75
75
75
76
76
76
77
77
77
96
78
78
79
79
79
80
80
80
81
81
81
82
82
82
83
83
92
92
92
93
93
93
94
94
94
95
95
95
78
111
126
111
85
126
126
125
113
113
112
112
112
72
71
85
125
81
81
82
82
82
83
83
83
84
84
84
85
81
80
80
80
79
79
79
125
124
124
124
123
123
122
122
122
78
78
78
77
77
77
76
76
76
75
75
75
121
121
121
120
120
120
119
119
119
118
118
118
117
117
117
116
116
116
115
115
115
114
114
114
113
74
74
74
73
73
73
72
72
123
193
129
187
194
184
195
146
186
195
194
144
194
195
186
186
185
185
133
185
146
54
235
235
235
54
92
93
92
53
53
53
146
145
145
145
144
93
93
94
94
55
55
55
56
56
94
95
56
57
95
95
96
57
133
133
132
132
132
131
131
131
130
130
130
129
96
96
57
236
236
236
237
237
237
238
238
238
239
239
239
240
240
240
241
242
241
241
242
242
54
107
77
106
77
106
78
78
78
106
105
79
79
105
79
80
105
80
85
84
80
85
86
86
85
84
81
86
84
87
83
83
83
82
82
82
81
81
104
87
87
88
88
104
88
89
89
89
90
90
90
91
91
91
92
92
92
93
93
93
94
94
94
95
95
95
96
96
96
97
97
97
98
98
98
99
99
99
100
100
100
101
101
101
102
102
102
103
103
103
104
172
125
170
128
45
172
125
170
171
128
127
127
127
126
126
126
171
172
45
106
94
55
55
171
45
47
47
48
46
106
106
105
105
105
104
104
104
103
103
103
102
102
102
101
101
101
100
100
100
99
99
99
98
98
98
97
97
97
96
96
96
95
95
95
94
94
55
54
54
54
53
53
53
52
52
52
51
51
51
50
50
50
49
49
49
48
48
46
46
47
267
189
181
59
181
68
94
182
188
188
188
189
181
182
95
59
183
67
67
106
