296
249
294
295
249
68
251
294
97
97
98
236
236
237
237
237
238
238
238
239
239
239
240
240
240
249
250
250
250
98
98
99
310
309
99
99
100
100
97
96
96
100
101
101
309
102
102
73
310
310
311
72
72
72
102
103
103
103
104
104
104
309
308
308
308
307
307
307
306
306
306
305
71
71
70
70
70
69
69
69
68
68
105
105
105
106
106
295
295
101
198
205
205
197
205
220
221
221
221
222
222
101
100
100
206
197
196
196
197
195
206
92
91
91
196
206
220
220
100
92
207
219
209
209
208
208
208
207
207
209
210
210
210
211
211
211
212
212
212
213
213
213
214
214
214
215
215
216
216
216
217
217
217
218
218
218
219
219
99
99
99
98
98
98
97
97
97
96
96
96
95
95
94
94
94
93
93
93
92
95
37
36
37
36
36
96
96
97
97
96
68
69
69
71
69
70
70
70
105
105
104
104
55
55
54
54
54
53
53
53
104
71
103
68
68
67
67
67
66
66
66
65
65
65
64
64
64
63
63
63
62
62
62
61
61
60
60
60
59
59
97
98
98
98
99
99
99
100
100
100
101
101
101
102
59
58
58
58
57
57
57
56
56
56
55
103
102
102
103
61
115
50
50
49
85
115
78
78
77
86
116
116
116
54
54
54
117
115
107
85
107
52
52
52
53
53
53
85
84
84
78
79
79
83
83
50
51
51
51
83
80
80
82
82
81
81
80
94
79
81
84
82
106
106
106
105
105
105
104
104
104
103
103
103
102
102
102
101
101
101
100
100
99
99
99
98
98
98
97
97
97
96
96
96
95
95
95
94
94
100
42
47
43
47
46
43
51
51
59
46
58
52
91
46
44
44
45
45
44
43
53
52
108
45
52
58
58
91
107
53
57
53
54
54
54
55
55
55
56
56
56
57
57
103
103
103
104
104
104
105
105
105
106
106
106
107
102
102
102
101
101
101
100
100
99
99
99
98
98
98
97
97
97
96
96
96
95
91
92
95
95
94
94
94
93
93
93
92
92
100
65
60
65
60
71
64
80
60
73
73
73
74
74
74
75
75
75
76
76
76
77
77
77
78
78
78
79
79
79
80
72
72
64
64
63
63
63
62
62
62
61
61
61
90
91
91
91
92
92
92
93
93
93
94
94
94
95
95
95
96
96
96
97
97
97
98
98
98
99
99
99
100
100
100
101
101
101
102
102
102
103
103
103
104
104
104
105
105
105
72
85
104
103
85
85
103
86
52
52
53
53
53
54
54
54
55
55
55
56
56
56
57
57
57
58
58
52
51
51
51
50
50
50
103
102
102
102
49
101
101
100
100
100
99
99
99
98
98
98
97
97
97
96
96
96
95
95
95
94
94
94
93
93
93
92
92
92
91
91
91
90
90
90
89
89
89
88
88
88
87
87
87
86
86
49
49
48
48
48
101
54
88
52
53
105
62
53
53
68
75
68
75
97
88
63
88
67
67
75
97
67
104
63
63
105
87
87
87
64
76
86
86
64
66
66
64
65
65
65
66
76
76
77
77
77
78
78
78
79
79
79
80
80
80
81
81
81
82
82
82
83
83
83
84
84
84
85
85
85
86
98
98
98
99
99
99
100
100
100
101
101
101
102
102
102
103
103
104
104
103
66
66
76
45
85
66
65
65
63
63
62
62
62
63
64
46
64
77
77
78
78
78
79
61
61
61
47
60
60
60
59
59
59
58
83
83
83
84
84
84
77
47
46
64
65
46
47
58
82
82
82
81
81
81
80
80
79
79
58
57
57
57
56
56
56
55
55
55
54
54
54
53
53
53
52
52
52
51
51
51
50
50
50
49
49
49
48
48
48
80
416
204
201
203
201
202
203
202
96
202
203
415
399
415
415
96
104
96
399
105
105
399
408
408
408
400
401
401
401
402
402
409
409
104
104
103
103
103
102
102
102
101
101
101
100
100
100
99
99
99
98
98
98
97
414
414
414
97
97
409
410
410
410
411
411
407
407
407
406
406
406
405
405
405
404
404
411
402
412
403
403
413
413
413
412
412
400
403
404
400
110
97
70
98
110
110
71
87
98
98
71
72
108
72
72
73
73
73
74
74
101
101
100
100
100
99
99
99
108
106
86
86
86
101
102
102
87
87
109
109
109
107
107
108
106
74
75
75
75
76
76
76
77
77
77
78
78
78
79
79
79
80
80
80
81
81
81
82
82
82
83
83
83
84
84
84
85
85
85
102
103
103
103
104
104
104
105
105
105
106
87
166
93
87
189
166
87
93
92
88
189
188
167
188
167
166
90
89
89
89
88
88
92
92
91
91
91
90
90
167
188
185
186
186
186
187
185
187
185
184
184
184
173
172
183
187
172
171
171
171
170
170
170
169
169
169
168
168
168
172
183
183
182
182
182
181
175
175
181
174
174
173
173
174
181
180
180
176
180
175
176
176
179
177
179
177
178
178
178
177
202
169
202
201
201
83
79
232
160
143
145
142
142
146
146
146
147
142
223
223
224
232
161
82
81
83
83
82
82
81
81
169
168
168
80
232
80
80
79
79
143
161
167
168
231
231
145
145
144
144
144
224
162
161
224
162
162
163
163
163
164
164
164
165
165
165
166
166
166
167
167
225
231
225
230
230
230
229
229
229
228
228
228
227
227
227
226
226
226
225
64
78
46
89
64
78
79
46
88
88
64
49
48
88
87
87
87
86
86
86
85
85
85
84
84
84
48
83
83
82
82
82
81
81
81
80
80
80
79
79
48
47
47
47
46
61
61
62
62
62
63
63
63
83
49
60
60
60
59
59
59
58
58
58
57
57
57
56
56
56
55
55
55
54
54
54
53
53
53
52
52
52
51
51
51
50
50
50
49
61
68
69
72
72
69
72
105
70
71
70
70
69
79
79
80
80
80
104
104
104
81
71
81
102
103
83
82
82
82
81
103
103
89
90
90
90
102
91
91
91
92
92
92
93
93
93
94
102
101
89
89
88
88
88
87
87
87
101
86
86
86
85
85
85
84
84
84
83
83
101
100
100
100
99
99
99
98
94
98
98
97
97
97
96
96
96
95
95
95
94
103
117
111
52
66
117
116
111
94
103
53
65
94
112
65
116
116
53
112
103
102
112
95
53
113
113
113
114
65
64
54
94
114
114
115
115
115
95
55
55
55
96
96
95
97
101
101
101
102
102
64
54
54
64
63
63
63
96
56
61
56
56
57
57
97
97
98
98
98
99
99
99
100
100
100
57
58
58
58
59
59
59
60
60
60
61
62
62
62
61
51
89
89
90
55
91
91
91
51
51
52
52
54
54
55
103
88
88
88
87
87
87
86
86
86
75
54
92
52
53
53
53
67
103
92
102
103
102
102
101
101
101
74
75
100
100
100
99
99
99
98
98
98
97
97
97
96
96
96
95
95
95
94
94
94
93
93
93
92
72
74
74
73
73
67
67
68
68
68
69
69
69
70
70
70
71
71
72
72
73
62
53
98
99
102
52
102
37
53
53
52
62
101
101
101
100
49
50
50
50
51
51
51
52
37
37
38
38
38
54
54
54
55
55
55
56
56
56
57
57
57
39
100
100
99
99
60
60
60
61
61
61
62
59
59
59
58
58
58
44
49
49
48
48
48
47
47
47
46
46
46
45
45
45
44
39
39
40
40
40
41
41
41
42
42
42
43
43
43
44
0
0
0
0
0
0
0
0
0
0
0
0
0
0
0
0
0
0
0
0
0
0
0
0
0
0
0
0
0
0
0
0
0
0
0
0
0
0
0
0
0
0
0
0
0
0
0
0
0
0
0
0
0
0
0
0
0
0
0
0
0
0
0
0
0
0
0
0
0
0
0
0
0
0
0
0
0
0
0
0
0
0
0
0
0
0
0
0
0
0
0
0
0
0
0
0
0
0
0
0
0
0
0
0
0
0
0
0
0
0
0
0
0
0
0
0
0
0
0
0
0
0
0
0
0
0
0
0
0
0
0
0
0
0
0
0
0
0
0
0
0
0
0
0
0
0
0
0
0
0
0
0
0
0
0
0
0
0
0
0
0
0
0
0
0
0
0
0
0
0
0
0
0
0
0
0
0
0
0
0
0
0
0
0
0
0
0
0
0
0
0
0
0
0
0
0
0
0
0
0
0
0
0
0
0
0
0
0
0
0
0
0
0
0
0
0
0
0
0
0
0
0
0
0
0
0
0
0
0
0
0
0
0
0
0
0
0
0
0
0
0
0
0
0
0
0
0
0
0
0
0
0
0
0
0
0
0
0
0
0
0
0
0
0
0
0
0
0
0
0
0
0
0
0
0
0
0
0
0
0
0
0
0
0
0
0
0
0
0
0
0
0
0
0
0
0
0
0
0
0
0
0
0
0
0
0
0
0
0
0
0
0
0
0
0
0
0
0
0
0
0
0
0
0
0
0
0
0
0
0
0
0
0
0
0
0
0
0
0
0
0
0
0
0
0
0
0
0
0
0
0
0
0
0
0
0
0
0
0
0
0
0
0
0
0
0
0
0
0
0
0
0
0
0
0
0
0
0
0
0
