110
95
97
96
95
96
205
96
110
110
206
220
220
206
219
219
100
218
218
208
208
207
207
207
206
219
100
99
98
107
108
107
98
98
100
99
97
97
108
108
109
109
99
109
218
217
208
209
209
106
106
106
105
102
102
101
101
101
217
217
105
216
216
216
215
215
214
214
214
213
213
213
212
209
210
210
210
211
211
212
212
105
104
104
104
103
103
103
102
211
92
56
67
92
95
83
91
66
83
103
104
96
96
95
56
56
92
66
91
96
84
57
57
65
66
103
91
97
90
90
90
89
89
89
88
88
88
97
87
87
86
86
86
85
85
85
84
84
97
98
98
98
99
99
99
100
100
100
101
57
58
58
58
59
59
59
60
60
60
61
61
61
62
62
62
63
63
63
64
64
64
65
65
101
101
102
102
102
103
87
84
70
73
70
70
46
73
38
102
84
72
72
46
72
71
38
71
102
85
85
101
44
101
101
85
40
40
39
39
39
86
45
45
45
86
40
100
100
41
41
43
43
44
44
86
41
87
87
100
99
99
99
98
98
98
97
97
97
96
96
96
95
95
42
42
42
43
95
94
94
94
93
93
93
92
92
92
91
91
91
90
90
90
89
89
89
88
88
87
88
94
49
64
45
29
96
30
30
30
31
31
31
65
66
66
66
67
98
99
99
99
100
100
100
101
101
101
102
102
32
32
67
67
68
68
68
32
33
33
33
65
65
98
98
45
45
46
46
46
47
47
47
48
48
48
49
49
94
94
95
78
78
79
79
79
80
80
80
81
81
81
82
82
82
83
83
83
84
84
84
85
85
85
95
95
96
97
97
97
96
88
75
60
53
54
54
54
53
55
58
58
58
59
88
88
59
76
76
76
59
108
107
107
98
98
55
77
77
78
78
99
99
86
100
100
100
101
101
101
102
102
55
103
103
103
104
104
104
105
105
105
106
106
106
78
79
79
79
77
80
56
56
87
87
87
86
86
56
57
57
57
99
102
81
80
80
81
85
85
85
84
84
84
83
83
83
82
82
82
81
38
230
229
82
82
229
52
68
67
79
80
68
80
81
81
81
39
39
39
68
40
52
52
80
51
79
79
40
40
78
69
69
69
51
51
49
50
50
50
43
49
49
48
48
48
47
78
78
77
77
77
76
76
47
47
46
46
46
76
75
75
75
74
74
74
73
73
73
72
72
45
45
45
44
44
41
41
72
71
71
70
70
70
41
42
42
42
43
43
44
62
54
101
34
95
34
35
96
99
95
95
96
48
48
49
99
100
100
100
101
55
55
62
62
101
55
47
47
35
56
96
97
97
97
98
98
98
99
36
36
36
37
56
56
57
57
57
60
60
60
61
61
61
48
47
46
37
37
38
38
38
58
58
58
59
59
59
39
39
39
40
40
40
41
41
42
42
42
43
43
43
44
44
44
45
45
45
46
46
41
140
140
82
45
100
101
100
100
99
66
65
81
48
81
48
47
47
47
46
46
81
93
93
94
94
94
44
44
44
45
45
48
46
96
96
95
95
96
95
80
80
80
79
79
97
97
97
98
98
98
99
99
79
78
78
77
77
77
76
76
76
75
75
75
74
74
74
73
73
73
72
72
72
71
71
70
70
70
69
69
69
68
68
68
67
67
67
66
66
78
48
60
59
59
59
58
58
58
57
57
57
56
56
56
55
55
55
54
54
54
53
53
53
52
52
48
60
52
51
60
61
61
61
63
62
62
62
64
51
51
50
64
64
93
93
94
94
94
95
95
95
96
96
96
97
97
97
98
98
98
99
99
99
100
100
100
101
101
101
102
102
102
103
103
103
104
104
104
105
105
105
106
106
63
50
50
49
49
49
63
59
50
127
128
127
128
129
129
129
130
127
126
60
60
60
61
61
102
102
101
101
101
100
100
100
99
99
61
62
102
103
50
49
49
49
99
98
98
98
97
97
97
96
96
96
95
95
95
94
94
94
93
93
93
92
92
92
91
91
91
90
48
48
48
47
103
103
104
126
126
125
104
104
90
90
89
89
89
88
88
88
87
105
105
105
106
106
106
107
128
37
47
59
37
78
37
47
38
45
45
46
46
46
45
44
44
44
43
43
43
42
42
59
60
60
60
61
61
61
62
62
62
63
42
63
64
64
64
65
65
65
66
66
66
67
67
67
68
68
68
69
69
69
70
70
70
71
71
72
72
72
73
73
73
74
74
74
75
75
75
76
76
76
77
77
77
78
78
41
41
41
40
40
40
39
39
39
38
38
63
200
202
393
412
96
202
201
201
201
104
393
100
100
101
101
101
102
102
102
103
103
103
104
104
100
99
99
99
98
98
98
408
97
412
412
411
411
411
410
410
410
409
409
97
97
393
394
394
394
395
395
396
396
396
397
397
397
398
398
398
399
399
399
400
400
400
401
401
401
402
402
402
403
403
403
404
404
404
405
405
405
406
406
406
407
407
407
408
408
409
102
72
101
101
102
101
100
100
100
99
99
99
98
98
98
97
97
97
96
96
96
95
95
95
94
94
94
93
93
93
92
92
92
91
91
91
90
90
90
89
89
89
88
88
87
87
87
86
86
86
85
85
85
84
84
84
83
83
83
82
82
82
81
81
81
80
80
80
79
79
79
78
78
78
77
77
77
76
76
76
75
75
75
74
74
74
73
73
73
88
169
199
198
199
169
170
170
198
198
194
194
194
193
193
193
173
172
172
172
171
195
195
195
171
171
170
196
196
196
197
197
197
192
192
192
191
191
191
190
190
190
189
189
189
188
188
188
187
187
187
186
186
186
185
185
185
184
184
184
183
183
182
182
182
181
181
181
180
180
180
179
179
178
178
178
177
177
177
176
176
176
175
175
175
174
174
174
173
173
183
73
151
168
85
84
152
73
73
152
85
152
168
153
168
167
155
74
155
154
154
154
153
153
84
155
166
166
166
167
165
165
165
164
164
164
163
163
163
162
162
167
84
83
83
83
82
82
82
81
81
81
80
80
80
79
79
79
78
78
78
77
77
77
76
76
76
75
75
75
74
74
162
161
161
161
160
160
160
159
159
159
158
158
158
157
157
157
156
156
156
61
55
126
73
95
102
122
125
55
61
123
125
124
125
55
122
96
123
60
123
124
124
60
101
86
74
96
56
60
59
56
101
56
59
101
59
58
57
57
96
57
58
58
74
74
75
75
75
76
76
76
77
77
77
78
78
78
79
79
79
80
80
80
81
81
81
82
82
82
83
83
83
84
84
84
85
85
85
100
100
100
99
99
99
98
98
97
97
97
98
73
50
70
97
98
98
98
99
99
99
100
100
100
101
101
101
97
93
93
93
92
92
92
91
91
91
90
90
90
89
89
89
88
88
88
94
72
72
72
71
71
70
85
97
96
50
51
51
51
52
52
52
53
53
53
54
54
96
85
84
84
84
83
83
83
82
82
82
81
81
81
80
80
80
79
96
73
73
94
94
86
86
86
87
87
87
95
95
95
85
75
72
65
65
66
71
71
72
92
75
75
102
87
70
102
102
101
101
101
93
66
66
67
67
67
68
68
68
69
69
69
70
70
76
76
76
77
77
77
78
93
92
85
86
86
86
93
78
78
79
79
79
80
80
80
81
81
81
82
82
82
83
83
83
84
84
84
85
85
94
94
94
95
95
95
96
96
96
97
97
97
98
98
98
99
99
99
100
100
100
62
56
94
46
62
69
46
68
68
68
55
55
47
47
55
62
63
95
107
63
106
49
50
52
53
53
65
65
65
64
64
64
63
66
66
66
67
67
67
95
49
49
48
48
54
48
47
106
106
95
54
53
54
96
97
97
98
98
98
99
99
99
100
100
100
101
101
101
103
50
50
51
51
51
52
52
102
97
96
96
102
105
105
105
104
104
104
103
103
102
64
106
42
59
64
34
59
59
42
41
64
63
90
34
105
63
91
91
91
92
92
92
41
93
63
41
40
40
40
39
39
39
38
38
38
37
37
60
60
60
61
61
61
62
37
36
36
36
35
35
62
62
34
103
103
104
104
104
105
105
93
93
103
102
102
102
101
101
101
100
100
100
99
99
99
98
98
98
97
97
96
96
96
95
95
95
94
94
94
97
80
83
66
67
66
66
67
39
48
80
83
81
40
82
48
82
82
47
47
41
42
44
41
41
40
40
81
81
42
42
43
106
43
106
46
46
43
45
45
45
44
106
105
47
46
92
91
91
91
44
105
99
98
92
92
96
99
105
100
100
100
101
96
96
95
95
95
94
94
94
93
97
101
101
102
97
102
97
98
93
93
102
103
98
103
103
104
104
104
99
70
92
38
59
41
70
38
41
39
60
41
39
39
69
69
60
60
61
40
69
68
68
68
40
40
107
61
64
64
65
65
65
66
66
66
67
67
105
106
106
106
64
63
63
63
67
62
62
62
61
105
105
104
104
104
103
103
103
102
102
101
101
101
100
100
100
99
99
99
98
98
98
97
97
97
96
96
96
95
95
95
94
94
94
93
93
93
92
92
102
0
0
0
0
0
0
0
0
0
0
0
0
0
0
0
0
0
0
0
0
