105
224
52
230
217
59
53
217
224
224
209
230
105
104
104
104
103
103
103
102
210
102
102
101
101
101
100
100
228
53
227
226
226
226
213
213
214
214
214
215
215
216
216
216
217
53
54
54
54
55
55
55
56
56
56
57
57
57
58
58
58
100
99
99
99
98
98
98
97
97
230
210
210
227
229
211
211
229
229
213
212
212
227
225
225
225
228
211
212
228
69
47
46
88
47
47
46
88
102
89
89
69
102
56
89
91
90
56
90
102
56
101
68
90
68
68
101
91
91
57
101
67
96
97
97
97
98
98
98
99
99
99
100
100
100
96
96
95
95
95
94
94
94
93
93
93
92
92
92
61
67
67
66
66
66
65
65
65
64
64
64
63
63
63
62
62
62
61
57
57
58
58
58
59
59
59
60
60
60
61
58
78
79
105
78
58
95
79
40
40
96
105
41
57
41
49
49
96
57
41
42
49
48
48
50
48
47
57
47
47
105
50
50
46
104
45
45
45
46
46
44
44
52
104
44
43
43
42
42
43
96
56
56
56
51
51
51
52
97
52
53
104
53
54
53
55
55
55
54
97
54
103
103
103
102
102
102
101
101
101
100
100
100
99
99
98
98
98
97
99
70
56
59
37
57
58
58
58
56
39
39
38
38
38
56
83
103
104
104
104
105
105
105
106
106
106
107
107
103
103
102
102
102
101
101
101
100
100
100
99
99
99
98
98
98
97
97
97
96
96
96
90
90
90
89
89
89
88
88
88
87
87
87
86
86
85
85
85
84
84
84
83
83
75
75
74
74
74
73
73
73
72
72
72
71
71
70
57
57
86
56
46
87
79
56
56
103
93
46
79
87
80
80
103
79
86
86
47
93
55
55
55
47
47
54
83
83
84
84
84
85
85
103
102
102
102
101
101
54
100
100
83
82
82
82
81
81
81
80
100
99
99
99
98
98
98
97
97
97
96
96
96
95
95
85
86
95
94
94
94
48
48
48
49
49
49
50
50
50
51
51
51
52
52
52
53
53
53
54
101
76
79
79
79
78
78
78
77
77
77
76
76
35
35
36
36
36
37
37
37
49
49
49
50
50
50
51
51
51
91
92
92
92
93
93
93
94
94
94
95
95
95
96
96
96
97
97
97
98
98
98
99
99
99
100
100
100
101
101
101
102
102
102
103
103
103
104
104
104
105
105
105
106
106
106
107
52
52
52
53
53
53
54
54
54
55
55
56
56
55
85
43
86
85
86
86
92
91
91
91
90
87
87
87
85
88
90
89
89
92
92
93
93
93
43
89
88
88
94
94
94
39
39
39
95
95
95
96
96
96
97
97
97
98
98
98
99
99
99
100
100
100
101
101
101
102
102
102
103
103
103
104
104
104
105
105
105
106
106
106
107
107
108
108
108
109
109
109
110
40
40
40
41
41
41
42
42
42
43
90
89
89
81
106
89
99
73
73
90
61
49
49
50
49
50
50
51
60
52
60
60
59
99
100
100
100
101
101
101
102
102
102
103
103
103
104
104
104
105
105
59
59
58
58
58
57
57
57
56
56
105
106
106
56
55
55
55
54
54
54
53
53
51
73
74
74
74
75
75
75
76
76
76
77
77
77
78
78
78
79
79
79
80
80
80
81
51
52
53
52
84
58
54
50
51
53
53
58
54
51
51
52
52
52
53
58
59
59
59
60
60
60
61
61
61
62
62
62
63
63
64
64
64
65
65
65
66
66
66
67
67
67
68
68
68
69
69
69
70
70
70
71
71
72
72
72
73
73
73
74
74
74
75
75
75
76
76
76
77
77
77
78
78
78
79
79
79
80
80
80
81
81
81
82
82
82
83
83
83
63
314
314
433
403
405
405
404
404
404
405
406
427
428
428
428
429
429
429
430
430
431
431
431
432
432
432
406
407
407
407
408
408
408
409
406
427
417
409
409
410
410
410
411
411
411
412
412
412
413
413
413
414
414
414
415
415
415
416
416
416
417
418
418
418
419
419
419
420
420
420
421
421
421
422
422
422
423
423
423
424
424
424
425
425
425
426
426
426
427
417
395
377
89
395
394
100
394
394
393
393
393
392
392
392
391
391
391
89
89
90
90
90
91
91
91
92
92
92
93
93
93
94
94
94
95
95
96
96
96
97
97
97
98
98
98
99
99
99
100
100
390
390
390
389
389
389
388
388
388
387
387
378
378
378
379
379
379
380
380
380
381
381
381
382
382
382
383
383
383
384
384
384
385
385
385
386
386
386
387
95
96
90
66
97
66
102
102
67
89
97
73
73
73
74
74
74
75
75
75
76
76
72
77
77
77
78
78
78
79
79
79
80
80
80
81
81
72
72
71
71
70
70
70
69
69
69
68
81
82
82
82
83
83
83
84
84
84
85
85
85
86
86
86
87
87
87
88
88
88
89
89
68
68
67
67
100
100
99
99
99
98
98
98
97
100
101
101
101
102
76
254
253
254
253
254
253
173
173
173
77
158
89
172
171
89
171
172
158
172
78
78
171
158
79
79
78
159
169
169
159
170
88
88
88
170
169
170
159
87
87
168
168
168
79
160
80
160
160
161
161
161
162
162
163
163
163
164
164
164
165
165
165
87
86
86
86
85
85
85
84
84
84
83
83
83
82
82
82
81
81
81
80
80
166
166
166
167
167
167
162
63
55
54
54
55
69
69
55
54
62
62
62
63
63
89
61
59
59
60
89
60
70
56
56
56
57
57
57
60
61
58
58
61
59
74
58
70
70
71
71
72
72
72
73
88
88
88
87
87
87
86
86
86
85
85
85
84
84
84
83
83
83
82
82
82
81
81
81
80
80
80
79
79
79
78
78
78
77
77
77
76
76
76
75
75
75
74
73
73
74
59
69
81
81
81
80
80
80
79
79
82
82
79
78
78
78
77
77
77
76
76
76
75
75
75
74
74
74
73
51
51
51
52
52
52
53
73
53
54
54
54
55
55
55
56
56
56
57
94
94
95
95
95
96
96
96
97
97
97
98
98
98
99
99
99
100
100
100
101
101
101
102
102
57
57
58
58
58
59
59
73
72
72
72
71
71
70
70
70
53
56
58
105
105
77
77
105
74
104
104
91
104
103
86
85
85
103
77
76
90
91
57
91
92
92
92
85
84
78
78
78
84
84
83
76
76
75
75
75
74
74
56
57
83
83
82
79
79
79
80
82
82
57
86
81
103
102
102
102
101
101
101
100
100
100
99
99
99
98
98
98
97
97
97
96
96
96
95
95
95
94
81
94
93
93
93
80
80
81
94
55
52
52
55
55
54
54
54
53
53
53
81
81
81
106
52
82
87
87
87
83
82
82
85
86
106
85
84
86
86
85
84
84
83
83
88
106
105
105
105
104
104
104
103
103
103
102
102
101
101
101
100
100
100
99
99
99
98
98
98
97
97
97
96
96
96
95
95
95
94
94
94
93
93
93
92
92
92
91
91
91
90
90
90
89
89
89
88
88
102
77
66
77
76
76
79
79
80
80
103
79
54
80
96
87
81
87
87
86
86
86
85
85
85
84
84
84
83
55
83
82
82
82
81
81
55
55
103
103
56
56
56
57
57
57
58
58
58
59
59
59
60
60
60
61
61
61
62
62
62
63
63
63
64
102
102
102
101
101
101
100
100
100
99
99
99
98
98
98
97
97
64
64
65
65
65
66
97
96
83
0
0
0
0
0
0
0
0
0
0
0
0
0
0
0
0
0
0
0
0
0
0
0
0
0
0
0
0
0
0
0
0
0
0
0
0
0
0
0
0
0
0
0
0
0
0
0
0
0
0
0
0
0
0
0
0
0
0
0
0
0
0
0
0
0
0
0
0
0
0
0
0
0
0
0
0
0
0
0
0
0
0
0
0
0
0
0
0
0
0
0
0
0
0
0
0
0
0
0
0
0
0
0
0
0
0
0
0
0
0
0
0
0
0
0
0
0
0
0
0
0
0
0
0
0
0
0
0
0
0
0
0
0
0
0
0
0
0
0
0
0
0
0
0
0
0
0
0
0
0
0
0
0
0
0
0
0
0
0
0
0
0
0
0
0
0
0
0
0
0
0
0
0
0
0
0
0
0
0
0
0
0
0
0
0
0
0
0
0
0
0
0
0
0
0
0
0
0
0
0
0
0
0
0
0
0
0
0
0
0
0
0
0
0
0
0
0
0
0
0
0
0
0
0
0
0
0
0
0
0
0
0
0
0
0
0
0
0
0
0
0
0
0
0
0
0
0
0
0
0
0
0
0
0
0
0
0
0
0
0
0
0
0
0
0
0
0
0
0
0
0
0
0
0
0
0
0
0
0
0
0
0
0
0
0
0
0
0
0
0
0
0
0
0
0
0
0
0
0
0
0
0
0
0
0
0
0
0
0
0
0
0
0
0
0
0
0
0
0
0
0
0
0
0
0
0
0
0
0
0
0
0
0
0
0
0
0
0
0
0
0
0
0
0
0
0
0
0
0
0
0
0
0
0
0
0
0
0
0
0
0
0
0
0
0
0
0
0
0
0
0
0
0
0
0
0
0
0
0
0
