75
220
208
219
75
75
76
76
76
77
77
77
78
78
78
79
79
80
80
80
81
81
219
219
218
218
218
217
217
217
96
96
97
97
97
98
98
98
99
99
99
100
100
100
101
101
101
102
102
102
103
103
103
104
104
104
105
105
105
106
106
106
107
107
216
216
216
215
215
214
214
214
213
213
213
212
212
212
211
211
211
210
210
210
209
209
209
208
208
79
42
90
41
27
26
39
113
113
39
114
114
40
113
67
62
31
41
112
31
39
84
114
41
85
85
104
96
40
63
66
30
66
30
31
27
89
27
30
28
28
62
40
29
29
89
89
88
88
88
87
87
87
86
97
97
97
98
98
98
99
99
99
100
100
100
101
101
101
102
102
102
103
103
103
104
104
86
86
85
63
63
64
64
64
65
66
65
28
29
65
46
105
46
47
47
47
60
61
61
61
62
105
104
92
91
92
48
60
60
59
59
59
58
58
57
57
57
56
56
56
55
55
55
54
54
54
53
53
53
52
52
52
92
93
93
93
94
94
94
95
95
95
96
96
96
97
97
97
98
98
98
99
99
99
100
100
100
101
101
101
102
102
102
103
103
103
104
104
51
51
51
50
50
50
49
49
49
48
48
58
65
68
65
106
75
89
94
67
67
67
66
66
66
65
76
95
105
106
106
76
88
88
89
76
94
77
95
88
87
87
87
96
96
96
97
104
104
104
105
105
79
78
78
78
77
77
95
86
86
86
85
85
97
97
85
84
84
84
83
83
98
98
98
99
99
99
100
100
100
101
101
102
102
102
103
103
103
83
82
82
82
81
81
81
80
80
80
79
79
101
44
82
55
44
45
69
84
82
106
75
83
83
84
84
83
62
61
70
70
70
105
74
74
75
75
55
55
93
71
74
73
73
72
72
72
61
71
56
105
61
93
73
56
56
57
57
57
58
58
58
105
103
103
59
104
104
104
102
102
102
101
101
101
100
100
100
99
99
99
98
98
98
97
97
97
96
96
96
95
59
59
60
94
95
95
60
60
94
94
103
86
86
115
92
53
121
64
120
120
115
92
54
103
120
119
115
116
93
119
64
117
117
118
103
118
119
117
116
116
118
54
93
93
54
55
64
103
56
95
94
94
94
56
55
55
63
63
102
102
63
56
57
57
61
61
62
62
62
58
102
101
96
96
95
95
57
101
58
61
60
60
101
100
100
100
99
99
99
98
98
98
97
97
96
60
59
59
59
58
97
61
77
77
34
79
79
78
79
77
78
60
78
60
34
60
34
59
59
51
50
50
38
49
49
57
51
51
52
52
52
53
35
35
36
36
36
37
37
57
37
59
58
58
58
57
53
53
54
54
54
55
55
55
56
56
56
50
49
48
48
48
38
47
42
42
42
41
41
41
40
40
40
39
39
39
38
43
43
43
44
44
45
45
45
46
46
46
47
47
44
77
41
89
89
58
77
89
88
41
78
88
57
42
88
79
79
42
42
41
80
87
87
87
86
86
86
85
85
85
84
80
80
56
57
57
79
78
78
81
82
43
83
82
82
81
83
84
84
83
81
56
53
53
53
52
52
52
43
48
47
47
47
46
46
46
45
45
45
54
44
44
44
43
54
54
55
55
55
56
51
51
51
50
50
49
49
49
48
48
50
41
42
41
42
218
52
238
238
60
219
54
55
55
219
54
53
52
53
57
57
58
58
58
59
59
59
60
60
53
237
237
237
236
236
236
235
235
235
221
221
221
220
220
220
219
54
55
230
57
56
56
56
230
229
229
229
228
228
228
227
227
227
226
226
226
225
225
225
224
224
224
223
223
223
222
222
222
234
234
234
233
233
233
232
232
232
231
231
231
230
57
193
80
77
184
194
194
193
207
207
207
208
208
208
209
106
106
106
107
107
108
108
108
179
180
209
209
210
210
210
211
211
180
180
181
206
206
206
205
205
205
181
181
182
182
182
183
105
105
105
104
104
104
103
103
103
102
102
102
101
183
79
79
79
101
101
100
100
100
99
54
54
54
55
55
55
56
56
56
57
57
99
99
98
78
78
78
77
193
183
67
94
65
27
67
67
66
31
105
66
66
40
60
31
53
30
30
30
41
29
41
42
42
42
29
28
94
94
95
95
95
53
53
28
104
104
104
28
59
29
43
43
44
44
44
45
59
59
60
41
43
100
100
99
99
99
98
98
58
58
58
57
57
57
56
98
100
101
101
101
102
102
102
103
103
103
97
97
97
96
96
96
56
54
54
54
55
55
55
56
172
76
173
174
173
69
186
173
174
69
69
68
180
179
184
184
185
185
185
179
178
178
178
177
177
177
76
76
77
77
77
78
78
78
176
176
176
80
80
80
81
81
81
175
175
175
60
59
59
174
68
184
183
183
183
182
182
182
181
181
181
180
180
60
60
61
61
61
62
62
62
63
63
63
64
64
64
65
65
65
66
66
66
67
67
68
79
79
79
67
49
79
50
79
79
50
50
78
51
78
78
75
76
76
76
77
77
77
75
75
74
74
74
53
53
53
73
52
52
51
51
52
73
57
57
57
56
56
56
55
55
55
54
54
54
67
67
68
68
68
69
69
69
70
70
70
71
71
72
72
72
73
58
67
66
66
66
65
65
65
64
64
64
63
63
63
62
62
61
61
61
60
60
60
59
59
59
58
58
62
304
297
387
304
387
409
410
388
409
388
303
303
303
302
302
302
301
301
301
300
300
300
299
299
299
298
298
298
409
388
408
410
408
389
389
408
407
407
407
406
406
406
405
405
404
404
404
403
403
403
402
402
402
401
401
401
400
400
400
399
399
399
398
398
398
397
397
397
396
396
396
395
395
394
394
394
393
393
393
392
392
392
391
391
391
390
390
390
389
405
75
105
76
105
104
76
76
104
104
77
103
77
103
103
102
102
102
101
101
101
100
100
100
99
99
99
98
98
98
97
97
97
96
96
96
95
95
95
94
94
94
93
93
93
92
92
92
91
91
90
90
90
89
89
89
88
88
88
87
87
87
86
86
86
85
85
85
84
84
84
83
83
83
82
82
82
81
81
81
80
80
80
79
79
79
78
78
78
77
91
148
184
194
160
178
145
192
194
122
193
174
160
125
125
148
192
193
148
193
146
184
178
146
123
163
162
162
162
161
161
161
160
171
163
164
164
164
165
125
124
124
124
147
147
147
146
123
123
183
183
183
182
182
182
181
181
181
180
180
180
179
179
174
174
173
173
173
172
172
172
171
171
163
170
169
165
165
166
166
166
167
167
167
168
168
168
170
170
169
169
78
180
162
162
179
78
180
78
161
88
88
88
162
179
161
163
79
163
178
87
178
163
79
82
81
81
81
80
80
80
79
82
82
83
83
164
164
164
165
165
165
166
166
166
167
83
84
84
84
85
85
85
86
86
86
87
87
170
178
177
177
177
176
176
176
175
175
175
174
174
174
173
173
173
172
172
172
171
171
171
167
167
168
168
168
169
169
170
170
169
104
103
103
103
102
76
76
76
75
104
75
104
75
102
77
99
98
99
100
100
100
78
78
78
77
77
101
101
101
102
99
98
94
94
94
95
95
97
98
79
97
95
90
79
91
91
91
92
92
92
93
93
93
96
96
80
96
97
79
90
90
89
80
80
81
81
81
82
82
82
83
83
83
84
84
84
85
85
85
86
86
86
87
87
87
88
88
88
89
89
115
54
76
50
101
53
51
54
54
51
51
53
53
76
52
52
52
100
91
90
90
90
91
91
92
92
92
93
93
93
94
100
100
99
99
89
79
79
80
80
80
89
89
88
88
88
87
87
87
86
86
86
85
81
81
81
82
82
82
83
83
83
84
94
94
79
78
78
78
77
77
77
76
95
95
95
96
96
96
97
97
85
99
98
98
98
97
84
84
85
73
79
50
104
65
50
73
97
50
57
57
58
58
65
57
59
59
60
60
60
61
61
61
59
62
62
63
63
63
64
64
64
58
56
56
56
55
55
55
54
54
54
73
74
74
74
75
75
75
76
76
76
77
77
77
78
78
78
79
53
53
53
52
52
52
97
97
98
98
98
99
99
99
100
100
100
101
101
101
102
102
102
103
103
103
104
51
51
51
62
54
106
97
75
106
54
74
106
98
98
98
55
74
74
55
55
56
56
56
57
57
57
58
58
58
59
59
59
60
60
60
61
61
61
62
62
62
63
63
63
64
64
64
65
65
65
99
99
100
100
100
101
101
101
102
102
102
103
103
103
104
104
104
105
105
105
66
66
66
67
67
67
68
68
68
69
69
69
70
70
70
71
71
72
72
72
73
73
73
99
62
82
83
83
83
62
84
84
85
85
85
86
82
82
81
81
81
80
92
92
92
93
93
93
94
94
94
95
95
95
96
96
96
97
97
97
98
98
98
99
99
99
100
100
100
101
101
101
102
102
102
103
103
103
104
104
104
105
105
105
80
52
53
53
53
54
54
54
55
55
55
56
56
56
57
57
57
58
58
58
59
59
59
60
60
60
61
61
61
84
94
102
37
62
31
102
37
94
31
31
32
101
102
77
63
63
36
36
37
94
