88
83
83
83
84
102
96
96
67
68
87
95
51
88
102
87
51
67
67
66
66
66
65
65
65
64
84
84
85
85
85
86
86
86
87
64
64
63
63
63
62
62
62
61
61
61
60
60
60
59
59
59
58
58
58
57
57
57
56
56
56
55
55
96
97
97
97
98
98
98
99
99
99
100
100
101
101
101
102
55
54
54
54
53
53
53
52
52
52
100
63
107
82
91
62
62
91
91
94
94
57
56
82
57
82
83
83
83
84
84
84
85
85
85
86
86
86
87
87
87
88
88
88
89
89
89
62
90
90
61
61
61
60
60
60
59
59
59
58
58
58
95
95
95
96
96
96
97
97
97
98
98
98
99
99
99
100
100
100
101
101
101
102
102
102
103
103
103
104
104
104
105
105
105
106
106
106
107
57
90
57
81
82
65
92
81
81
70
82
107
93
69
69
66
66
65
57
49
49
107
69
102
103
103
103
104
104
104
105
105
105
106
106
106
102
102
101
101
101
100
100
100
99
99
99
98
98
98
97
97
97
96
96
96
95
95
95
94
94
94
93
93
52
68
68
68
67
67
67
66
56
56
56
55
55
55
51
51
50
50
50
54
54
54
53
53
53
52
52
51
50
102
102
102
103
56
56
101
101
101
100
100
100
99
99
99
98
55
98
97
97
97
55
55
54
54
103
54
53
53
53
52
52
52
51
51
51
103
104
79
80
80
80
81
81
96
96
96
95
95
95
94
94
94
93
93
93
92
92
92
91
81
82
82
82
83
83
83
84
84
84
104
104
105
91
91
90
90
90
89
89
89
88
88
105
105
106
106
106
98
90
76
76
76
77
77
77
78
78
79
79
79
80
80
80
81
81
81
82
82
82
83
83
83
84
84
84
85
85
85
86
86
86
87
87
87
88
88
88
89
89
89
90
90
93
93
93
94
94
94
95
95
95
96
96
96
97
97
97
98
98
98
99
99
99
100
100
100
101
101
101
102
102
102
103
103
103
104
104
104
105
105
105
106
106
106
107
107
108
78
57
57
57
58
58
59
56
56
58
69
55
54
73
55
55
47
70
48
72
73
89
53
54
54
73
71
70
70
48
71
72
53
53
89
51
52
52
52
72
103
49
49
48
49
50
50
89
90
96
96
96
97
97
97
90
50
51
98
51
95
98
98
95
99
95
94
99
99
100
94
100
90
91
94
93
93
93
92
100
101
101
101
102
102
102
92
92
91
91
103
80
80
79
79
81
86
81
71
91
79
81
71
72
72
72
73
73
73
74
74
74
75
75
75
76
76
77
77
77
78
78
78
82
82
82
83
83
83
84
84
84
85
85
85
86
86
92
92
92
93
93
93
94
94
94
95
95
95
96
96
96
97
97
97
98
98
98
99
99
99
100
100
100
101
101
101
102
102
102
103
103
103
104
104
104
105
105
105
106
76
119
79
70
78
115
118
78
70
115
78
77
118
118
115
70
108
71
71
116
116
117
117
117
77
116
92
74
75
75
75
76
76
76
77
73
73
73
72
72
72
74
93
92
92
93
93
94
105
105
106
106
106
107
107
108
108
74
105
104
104
104
103
103
103
102
102
102
101
101
101
94
94
95
95
95
96
96
96
100
100
100
99
99
99
98
98
98
97
97
97
83
94
65
64
65
90
69
68
89
105
105
75
75
76
76
76
67
84
67
69
69
67
65
66
66
66
88
95
95
89
84
84
89
85
68
68
105
75
74
74
95
96
96
96
97
97
97
98
74
73
73
85
85
86
86
86
87
87
87
88
88
73
72
72
72
71
71
70
70
70
104
104
103
103
103
102
104
102
98
98
99
99
99
102
100
100
101
101
101
100
37
55
48
55
73
38
47
55
56
56
48
48
38
73
73
72
68
58
57
57
57
63
63
56
70
47
47
70
71
71
72
38
39
63
64
64
64
65
65
65
66
66
66
67
67
67
68
72
68
70
69
69
39
39
40
40
40
41
41
41
42
42
42
43
43
43
44
44
44
45
45
45
46
46
69
58
58
59
59
59
60
60
60
61
61
61
62
62
62
46
106
96
391
411
106
105
96
97
410
391
105
97
97
105
104
410
98
410
99
392
104
104
103
103
392
103
98
98
99
102
102
99
100
102
101
409
100
100
101
101
392
393
406
406
406
405
405
405
407
407
407
408
408
408
409
409
395
394
394
404
404
404
403
403
393
403
393
402
402
402
401
401
401
400
400
400
399
399
399
398
398
398
397
397
397
396
396
396
395
394
74
104
75
104
103
103
103
92
76
75
75
91
93
92
92
91
91
90
102
102
76
76
102
95
94
94
89
94
89
90
90
93
93
89
101
77
95
88
101
101
100
100
100
99
99
99
98
98
98
97
97
97
96
96
96
95
84
88
88
87
87
87
77
77
78
78
78
79
79
79
80
80
80
86
86
86
85
85
81
81
81
82
82
82
83
83
83
84
84
85
199
198
199
201
201
201
202
200
200
200
199
202
202
203
203
203
197
197
197
196
196
196
195
204
204
204
205
195
195
194
194
194
193
193
192
192
192
191
191
191
190
190
190
189
189
189
188
188
188
187
187
187
186
186
186
205
205
206
206
206
207
185
185
185
184
184
184
183
183
183
182
182
182
181
181
181
180
180
180
179
179
178
178
178
177
177
207
207
208
193
225
103
141
103
229
225
227
228
226
228
228
62
226
229
84
142
67
225
226
75
76
82
227
227
82
82
83
83
83
84
77
142
142
143
143
144
62
62
63
63
63
64
64
64
65
65
65
66
66
66
144
144
145
145
145
146
146
77
152
151
151
151
150
150
150
149
76
77
149
76
149
146
147
147
147
148
148
148
78
81
81
81
80
80
80
79
79
78
78
79
73
102
73
102
73
102
101
100
100
101
101
75
74
74
74
100
99
99
99
98
98
98
97
97
97
96
96
96
95
95
95
94
94
94
93
93
93
92
92
92
91
91
91
90
90
90
89
89
89
88
88
87
87
87
86
86
86
85
85
85
84
84
84
83
83
83
82
82
82
81
81
81
80
80
80
79
79
79
78
78
78
77
77
77
76
76
76
75
75
88
92
130
94
93
93
93
133
62
131
132
131
100
115
132
130
108
131
132
119
74
100
108
100
115
115
118
119
63
62
116
74
69
70
70
70
71
71
72
72
72
73
73
73
74
69
69
68
68
68
67
67
67
66
66
101
101
101
102
102
102
103
103
103
104
104
104
105
105
105
106
106
106
107
107
65
65
65
64
64
64
116
116
117
117
117
118
118
63
63
66
38
80
80
80
81
81
81
82
76
39
39
39
40
40
113
113
113
114
38
45
45
111
46
46
46
47
100
101
101
101
102
102
102
103
103
103
104
104
104
74
112
112
112
75
75
75
76
76
45
111
105
40
79
44
77
110
111
110
110
109
109
109
108
108
108
107
107
106
106
106
105
105
41
41
41
42
42
42
43
43
43
44
44
79
78
78
78
77
77
79
136
77
50
77
39
88
95
101
137
136
95
40
46
45
45
46
46
47
78
78
78
79
79
79
80
80
40
81
81
81
82
45
44
44
44
43
43
43
42
82
82
83
83
83
84
84
84
85
85
85
86
86
86
87
87
87
47
47
42
42
41
48
48
48
95
96
96
96
97
97
97
98
98
98
99
99
99
100
100
100
101
101
49
49
49
50
41
41
40
80
114
40
84
160
116
164
115
161
40
160
47
83
83
163
163
116
116
115
115
83
163
161
162
161
82
79
79
79
80
80
80
81
81
81
82
82
78
78
77
68
40
41
41
41
68
42
42
42
43
43
43
44
162
162
68
69
44
44
45
45
45
46
46
46
47
78
77
69
70
70
70
71
69
71
72
72
72
74
73
77
76
76
76
75
75
75
74
73
73
74
50
94
50
58
110
83
101
94
58
50
51
58
57
57
57
56
56
56
55
55
55
54
54
54
110
109
109
109
108
108
108
53
53
53
52
52
52
51
51
107
107
106
106
106
105
105
105
104
104
104
103
103
103
89
83
83
84
84
84
102
102
102
101
94
93
85
85
85
86
86
86
87
87
87
88
88
88
93
93
92
92
92
91
91
91
90
90
90
89
89
53
84
106
80
93
83
83
84
84
83
82
82
81
81
81
80
80
105
93
64
65
53
54
105
82
56
64
94
94
94
95
95
95
96
96
96
97
97
97
98
98
98
99
99
99
100
100
100
101
101
101
102
102
102
103
103
103
104
104
104
105
64
63
63
63
62
62
62
61
61
61
60
60
60
59
59
59
58
58
58
57
57
57
54
54
55
55
55
56
56
0
0
0
0
0
0
0
0
0
0
0
0
0
0
0
0
0
0
0
0
0
0
0
0
0
0
0
0
0
0
0
0
0
0
0
0
0
0
0
0
0
0
0
0
0
0
0
0
0
0
0
0
0
0
0
0
0
0
0
0
0
0
0
0
0
0
0
0
0
0
0
0
0
0
0
0
0
0
0
0
0
0
0
0
0
0
0
0
0
0
0
0
0
0
0
0
0
0
0
0
0
0
0
0
0
0
0
0
0
0
