156
140
147
127
128
128
128
147
142
142
143
143
144
144
156
155
155
155
154
154
154
153
153
153
152
152
152
151
151
142
141
141
141
127
127
126
126
147
151
146
146
146
140
145
145
145
144
150
129
133
148
148
148
140
139
139
139
138
138
138
137
137
137
136
136
136
135
135
149
149
129
149
150
150
129
130
130
130
131
131
131
132
132
135
134
134
134
133
133
132
67
80
61
95
61
66
91
66
65
64
65
91
61
62
62
62
63
107
107
66
95
63
80
65
64
64
63
106
106
106
105
105
105
104
104
104
103
103
103
102
102
102
101
101
101
100
100
100
99
99
99
98
98
98
97
97
97
96
96
96
90
90
90
89
89
89
88
88
88
87
87
87
86
86
86
85
85
85
84
84
84
83
83
83
82
82
81
81
81
82
39
33
77
33
94
106
89
38
39
77
33
78
81
34
34
34
35
95
95
95
96
96
96
97
97
97
98
98
98
99
99
99
100
100
100
101
101
101
102
102
102
103
103
103
104
104
104
105
105
105
35
36
36
78
78
36
37
37
37
38
38
79
79
79
80
80
88
88
88
87
87
87
86
86
86
85
85
85
84
84
84
83
83
83
82
82
82
81
81
80
103
62
41
27
103
96
40
28
52
53
53
28
37
38
38
38
99
39
39
53
40
40
39
28
61
61
29
29
97
97
97
98
98
98
99
61
99
100
100
100
101
101
101
102
102
102
60
29
37
60
54
37
30
36
36
30
30
31
31
31
54
54
55
55
55
56
56
56
57
57
57
58
58
58
59
59
59
60
32
32
33
33
33
34
34
34
35
35
36
32
59
38
41
41
92
39
40
40
103
92
60
60
60
103
39
39
74
75
40
103
63
63
94
94
94
95
64
64
63
65
62
93
62
62
95
61
61
74
74
73
73
73
72
72
93
72
61
93
100
100
100
101
101
101
102
102
102
64
71
99
99
95
65
71
96
67
67
68
68
68
69
69
69
70
70
70
67
66
99
98
98
97
97
97
96
96
66
66
65
98
47
47
68
92
46
46
47
46
45
35
45
45
44
103
103
103
102
102
102
101
101
101
100
100
100
99
99
35
99
98
98
98
97
97
97
96
96
36
36
36
37
37
37
38
38
38
39
39
39
40
40
40
41
41
41
42
42
42
43
43
43
44
44
95
96
68
69
69
69
70
70
70
71
71
72
72
72
73
73
73
74
92
93
93
93
94
94
94
95
95
96
66
63
73
49
98
50
50
50
51
51
51
52
52
52
53
53
53
54
102
102
102
103
103
103
104
104
104
105
105
105
54
54
55
55
55
56
56
56
57
57
57
58
58
58
59
59
59
60
60
60
61
61
61
62
62
62
66
66
67
67
67
68
68
68
69
69
69
70
70
70
71
71
72
72
72
101
101
101
100
100
100
99
99
97
97
97
98
98
99
100
96
37
42
67
54
99
97
50
54
73
42
81
99
99
37
60
97
97
67
98
61
61
54
53
98
98
51
50
50
41
41
73
81
38
67
73
66
38
61
53
53
52
51
51
41
80
38
74
74
75
75
75
76
76
76
77
77
77
78
78
78
79
79
79
80
80
74
66
65
65
65
64
64
64
63
63
63
62
62
62
52
52
40
40
40
39
39
39
66
140
129
100
113
99
153
140
111
128
153
119
148
147
147
111
112
112
99
99
100
113
113
131
131
152
112
128
132
128
127
127
127
126
126
125
125
125
124
124
124
123
120
132
132
133
133
133
134
123
134
134
135
123
122
122
148
148
149
149
149
150
150
150
151
151
151
152
152
122
121
121
121
135
135
136
136
136
137
137
137
138
138
138
139
139
139
140
120
120
126
440
109
100
108
439
439
419
419
100
108
108
102
107
101
101
101
419
106
106
438
420
439
100
438
107
420
438
437
102
102
105
106
420
105
421
421
103
437
437
436
436
436
435
435
435
434
434
434
433
433
421
422
422
103
103
422
423
423
423
424
105
424
424
104
104
104
433
432
432
432
431
431
431
430
430
429
429
429
428
428
428
427
427
426
426
426
425
425
425
427
75
79
75
79
93
77
77
77
78
78
78
79
76
76
76
111
111
110
424
110
109
109
109
108
419
419
425
423
424
424
423
419
75
418
418
94
94
93
110
420
421
421
421
420
422
95
106
107
107
94
422
422
423
108
108
420
95
96
105
105
105
106
106
95
96
104
96
104
97
97
97
98
98
98
99
99
99
100
100
100
101
101
101
102
102
103
103
103
104
102
159
73
165
166
166
166
167
167
167
165
165
164
92
164
163
163
163
162
162
162
161
161
161
160
160
160
159
159
92
93
93
93
94
94
79
78
78
78
77
77
77
76
76
76
75
75
75
74
74
74
164
92
79
80
80
80
81
81
81
82
82
82
83
83
83
84
84
84
85
85
85
86
86
86
87
87
87
88
88
88
89
89
89
90
90
90
91
91
91
79
162
72
161
150
161
90
150
160
161
160
158
158
90
152
157
151
151
158
159
159
160
159
73
73
151
152
157
157
89
152
153
86
153
153
154
154
154
155
155
155
156
156
156
86
86
85
87
87
87
88
88
88
89
89
85
85
84
84
84
83
83
83
82
82
82
81
81
80
80
80
79
79
79
78
78
78
77
77
77
76
76
76
75
75
75
74
74
74
73
81
60
59
59
58
59
68
158
140
76
76
76
77
75
77
75
75
74
74
74
73
73
73
72
72
140
141
141
141
142
142
142
143
143
144
144
144
145
145
145
146
146
146
147
147
147
148
148
148
149
149
149
150
150
150
151
151
151
152
152
152
153
153
153
154
154
154
155
155
155
156
156
156
157
157
157
158
158
72
71
71
70
78
78
70
70
69
69
69
68
77
79
70
56
86
102
61
56
60
87
102
97
97
97
98
98
98
99
99
99
100
100
100
101
101
101
102
96
96
96
95
95
95
94
94
94
93
93
93
92
92
92
91
91
91
90
90
90
89
89
89
88
88
88
87
87
74
78
78
78
77
77
77
76
76
76
75
75
57
57
57
58
58
58
59
59
59
60
60
70
71
71
72
72
72
73
73
73
74
74
75
35
97
43
84
103
68
36
43
43
36
36
37
37
37
38
38
100
101
101
101
102
102
102
38
39
39
39
40
40
40
41
41
41
42
42
42
77
100
100
99
99
99
98
98
98
83
103
103
83
83
82
82
82
81
81
81
80
80
80
79
79
79
78
78
78
69
69
69
70
70
70
71
71
72
72
72
73
73
73
74
74
74
75
75
75
76
76
76
77
77
76
94
106
37
47
84
76
82
82
82
83
83
83
81
38
38
38
39
39
39
40
40
40
41
41
41
42
42
42
43
43
43
95
95
95
96
96
96
97
97
97
98
98
98
99
99
99
100
100
100
101
101
101
102
102
102
103
103
103
104
104
104
105
105
105
106
44
44
44
45
45
45
46
46
46
47
81
80
80
80
79
79
79
78
78
78
77
77
77
81
46
214
92
105
209
73
214
51
210
47
80
47
73
79
51
50
50
213
210
210
213
213
93
48
47
211
211
48
49
49
49
50
104
74
74
74
75
78
78
105
79
79
211
212
93
212
212
48
93
94
94
94
95
95
78
77
77
77
76
76
76
75
75
96
96
96
97
97
97
98
98
98
99
99
99
100
100
100
101
101
101
102
102
102
103
103
103
104
104
95
128
85
92
105
77
120
126
127
127
127
128
120
93
77
78
84
84
84
104
92
77
121
121
93
78
104
121
104
78
85
83
83
83
122
103
126
126
125
122
122
79
93
79
103
103
102
102
79
80
102
80
80
81
81
81
82
82
82
101
101
98
125
125
101
100
124
124
124
100
100
123
94
94
94
95
95
95
96
99
99
123
123
96
96
97
97
97
98
98
99
0
0
0
0
0
0
0
0
0
0
0
0
0
0
0
0
0
0
0
0
0
0
0
0
0
0
0
0
0
0
0
0
0
0
0
0
0
0
0
0
0
0
0
0
0
0
0
0
0
0
0
0
0
0
0
0
0
0
0
0
0
0
0
0
0
0
0
0
0
0
0
0
0
0
0
0
0
0
0
0
0
0
0
0
0
0
0
0
0
0
0
0
0
0
0
0
0
0
0
0
0
0
0
0
0
0
0
0
0
0
0
0
0
0
0
0
0
0
0
0
0
0
0
0
0
0
0
0
0
0
0
0
0
0
0
0
0
0
0
0
0
0
0
0
0
0
0
0
0
0
0
0
0
0
0
0
0
0
0
0
0
0
0
0
0
0
0
0
0
0
0
0
0
0
0
0
0
0
0
0
0
0
0
0
0
0
0
0
0
0
0
0
0
0
0
0
0
0
0
0
0
0
0
0
0
0
0
0
0
0
0
0
0
0
0
0
0
0
0
0
0
0
0
0
0
0
0
0
0
0
0
0
0
0
0
0
0
0
0
0
0
0
0
0
0
0
0
0
0
0
0
0
0
0
0
0
0
0
0
0
0
0
0
0
0
0
0
0
0
0
0
0
0
0
0
0
0
0
0
0
0
0
0
0
0
0
0
0
0
0
