211
79
82
212
226
79
105
82
212
94
94
94
222
222
222
223
223
221
221
223
224
224
219
219
219
218
218
218
217
217
217
216
216
216
215
215
214
214
224
225
225
225
226
81
81
81
80
80
80
226
104
104
105
104
214
213
213
213
212
221
220
220
220
103
95
95
95
96
96
96
97
97
97
98
98
98
99
99
99
100
100
100
101
101
103
101
102
102
102
103
48
62
40
62
109
37
38
62
38
38
39
39
39
97
96
49
109
59
60
60
60
61
61
61
50
49
49
50
98
98
97
97
108
108
108
109
50
56
56
55
55
55
54
54
54
103
103
103
102
53
56
57
57
58
58
58
59
59
104
104
104
53
53
52
52
102
102
101
101
101
100
100
100
99
99
99
98
105
105
105
106
107
107
106
106
52
51
51
51
57
56
53
56
60
57
58
59
59
59
60
60
58
58
57
52
52
52
51
104
40
92
57
51
41
41
41
42
42
42
43
43
43
44
44
44
45
45
45
46
46
46
47
47
47
48
48
48
49
49
49
50
50
50
51
102
104
103
103
92
92
93
93
93
94
94
94
95
95
95
96
96
96
97
97
97
98
98
98
99
99
99
100
100
100
101
101
101
102
102
103
34
34
36
36
37
37
35
37
36
35
38
38
48
66
48
48
47
41
41
41
40
102
101
101
101
66
66
65
65
59
59
59
58
40
40
39
100
100
39
97
96
96
96
95
95
67
38
39
100
99
99
99
98
98
97
97
42
42
42
43
43
43
44
44
44
45
45
45
46
46
46
47
47
65
64
64
64
63
63
63
62
62
62
61
61
61
60
60
60
98
86
43
53
79
44
44
44
45
45
45
46
46
46
47
47
47
79
79
80
80
80
81
48
81
82
82
82
83
83
83
84
84
84
85
85
85
86
48
48
49
49
49
50
50
50
51
51
51
91
92
92
92
93
93
93
94
94
94
95
95
95
96
96
96
97
97
97
98
98
98
99
99
99
100
100
100
101
101
101
102
102
102
103
103
103
104
52
52
52
81
57
66
71
77
108
72
66
58
58
93
77
72
66
77
94
94
94
95
95
95
96
96
76
76
76
75
75
75
74
74
74
73
63
64
104
105
105
105
106
106
106
107
107
63
63
73
73
72
62
62
62
61
61
61
60
60
60
59
59
59
65
58
65
65
64
64
104
101
104
96
97
97
97
98
98
98
99
99
99
100
100
103
103
103
102
102
102
101
101
100
53
52
38
38
39
39
39
50
50
93
93
49
50
51
38
37
106
106
106
51
51
52
37
52
37
94
49
42
42
41
41
40
105
94
94
40
40
46
46
47
47
47
48
48
48
49
41
42
46
45
45
45
44
44
44
43
43
95
43
105
102
95
95
96
96
96
97
97
97
98
98
98
99
99
99
100
100
100
101
101
101
102
105
104
104
104
103
103
103
102
44
37
44
38
94
44
107
38
43
67
38
39
57
42
43
43
42
106
106
106
105
105
105
104
104
104
103
103
103
102
102
101
101
101
100
100
100
99
39
39
40
40
40
41
41
41
42
99
99
98
98
98
97
97
97
96
96
96
95
58
58
58
59
59
59
60
60
60
61
61
61
62
62
62
95
95
63
63
63
64
64
64
65
65
65
66
66
66
67
102
43
61
93
43
43
104
103
103
60
60
60
44
44
44
45
93
93
94
61
103
59
59
59
58
58
102
45
45
46
46
46
47
47
94
94
95
95
95
96
96
96
97
100
100
101
101
101
58
102
102
57
57
47
48
48
48
49
49
49
50
50
50
51
51
97
97
98
98
98
99
99
99
100
51
52
52
52
53
53
53
54
54
54
55
55
55
56
56
57
56
394
395
101
117
87
87
87
88
100
113
101
113
117
118
118
296
297
297
297
114
114
298
298
298
299
299
302
302
302
303
303
303
304
304
304
119
119
118
114
115
98
98
99
99
99
100
100
98
97
97
97
96
96
96
95
95
95
94
94
94
93
301
301
301
300
300
300
299
93
93
92
92
92
91
91
91
90
90
90
89
89
89
88
88
117
115
115
116
116
116
221
46
223
221
105
222
242
241
222
241
241
222
160
160
159
223
93
53
53
223
239
47
157
156
156
239
238
239
240
157
157
158
158
96
96
97
97
97
98
98
98
99
99
99
100
158
159
159
96
95
95
95
94
94
94
49
53
240
240
52
52
100
100
101
101
101
102
102
102
103
103
103
104
104
104
105
52
51
51
51
50
50
50
47
47
48
48
48
49
49
219
193
105
209
193
93
201
201
219
210
218
94
218
200
194
218
105
194
210
195
200
200
211
199
210
194
94
104
199
211
94
211
197
217
196
196
196
195
195
212
199
197
198
217
198
198
197
216
216
212
217
213
212
104
95
216
95
95
96
96
96
97
97
97
98
98
98
99
99
99
100
100
101
104
103
103
103
102
102
102
101
101
213
213
214
214
214
215
215
100
477
179
99
195
195
86
196
180
99
98
194
98
194
194
195
180
180
181
98
193
193
193
192
87
87
87
192
181
88
88
88
89
89
89
90
90
90
91
91
91
92
92
92
93
93
93
94
94
94
95
95
95
96
96
96
97
97
97
189
192
191
191
191
190
190
190
181
182
182
182
183
183
183
184
184
184
185
185
185
186
186
186
187
187
187
188
188
188
189
189
166
152
85
152
70
153
166
165
165
166
165
70
84
71
71
72
84
85
85
153
153
154
154
154
155
155
155
72
72
73
73
73
74
74
74
75
75
75
76
76
76
77
77
77
78
78
78
79
79
79
80
80
80
81
81
82
82
82
83
83
83
84
164
164
164
163
163
163
162
162
162
161
161
161
160
160
160
159
159
159
158
158
158
157
157
157
156
156
156
81
102
162
76
79
159
162
77
77
76
76
77
159
159
160
160
78
64
91
92
92
78
79
64
63
63
63
53
53
53
54
78
102
101
101
101
100
100
160
161
161
161
92
93
100
54
98
99
99
99
98
98
97
97
97
96
96
96
95
95
95
94
94
94
93
93
54
62
62
62
61
61
61
60
60
60
59
59
59
58
58
58
57
57
57
56
56
56
55
55
55
95
69
43
43
43
69
44
44
45
45
45
46
46
46
47
47
47
48
68
68
68
67
84
84
85
85
85
86
86
86
87
67
67
66
66
66
44
65
51
65
65
64
64
64
63
63
63
62
62
62
61
61
61
60
60
60
59
59
59
58
58
58
57
57
57
56
56
56
55
55
55
54
48
48
49
54
54
53
53
53
52
52
49
49
50
50
50
51
51
52
412
81
418
433
45
442
42
102
42
434
84
96
85
412
45
81
418
44
82
44
84
43
42
101
434
96
442
82
101
83
417
413
83
83
43
43
100
101
44
84
418
413
413
97
82
96
435
434
417
442
441
100
440
440
440
439
441
441
439
439
438
438
438
437
437
437
436
436
436
435
435
415
100
99
99
99
98
98
98
97
97
414
417
416
416
416
414
414
415
415
60
103
60
96
82
61
102
60
63
61
61
62
96
96
97
97
97
98
101
101
101
102
102
62
63
63
81
64
64
64
65
65
65
66
66
82
82
62
100
66
67
67
67
68
68
69
69
69
70
70
70
71
71
72
72
72
73
73
73
74
74
74
75
75
75
76
76
76
77
77
77
78
78
78
79
79
79
80
80
80
81
81
98
98
99
99
99
100
100
68
166
63
161
47
166
100
68
63
64
57
57
162
162
161
162
92
166
165
165
93
93
68
100
100
48
63
67
164
64
163
163
163
93
99
164
164
165
67
64
67
66
66
66
65
65
65
57
56
56
56
55
55
55
54
54
54
53
53
53
52
52
52
51
51
51
94
94
94
95
95
95
96
96
96
97
97
97
98
98
98
99
99
50
50
49
49
49
48
48
50
0
0
0
0
0
0
0
0
0
0
0
0
0
0
0
0
0
0
0
0
0
0
0
0
0
0
0
0
0
0
0
0
0
0
0
0
0
0
0
0
0
0
0
0
0
0
0
0
0
0
0
0
0
0
0
0
0
0
0
0
0
0
0
0
0
0
0
0
0
0
0
0
0
0
0
0
0
0
0
0
0
0
0
0
0
0
0
0
0
0
0
0
0
0
0
0
0
0
0
0
0
0
0
0
0
0
0
0
0
0
0
0
0
0
0
0
0
0
0
0
0
0
0
0
0
0
0
0
0
0
0
0
0
0
0
0
0
0
0
0
0
0
0
0
0
0
0
0
0
0
0
0
0
0
0
0
0
0
0
0
0
0
0
0
0
0
0
0
0
0
0
0
0
0
0
0
0
0
0
0
0
0
0
0
0
0
0
0
0
0
0
0
0
0
0
0
0
0
0
0
0
0
0
0
0
0
0
0
0
0
0
0
0
0
0
0
0
0
0
0
0
0
0
0
0
0
0
0
0
0
0
0
0
0
0
0
0
0
0
0
0
0
0
0
0
0
0
0
0
0
0
0
0
0
0
0
0
0
0
0
0
0
0
0
0
0
0
0
0
0
0
0
0
0
0
0
0
0
0
0
0
0
0
0
0
0
0
0
0
0
