61
205
55
93
107
215
214
214
56
206
213
213
205
60
61
214
206
211
212
212
56
213
56
60
207
207
206
212
107
207
208
94
210
211
57
60
211
208
95
96
96
96
97
97
97
98
98
99
99
99
100
100
100
101
101
101
102
102
102
103
103
103
104
104
104
105
105
105
106
106
106
95
95
94
94
208
209
209
209
210
210
59
59
59
58
58
58
57
57
98
87
62
81
107
69
92
87
87
81
62
69
81
86
92
63
83
85
83
82
82
82
107
106
93
93
92
84
84
84
85
68
68
68
67
67
67
66
86
85
86
65
65
64
64
64
63
63
83
66
65
66
95
102
94
94
94
93
106
106
105
105
105
104
104
104
103
103
95
95
96
96
96
97
97
97
98
98
98
99
99
99
100
100
100
101
101
101
102
102
103
50
36
53
42
114
110
90
105
114
110
42
53
53
51
50
36
51
37
111
52
52
52
51
114
111
37
37
38
38
38
39
39
39
40
40
40
41
41
41
102
113
113
113
112
112
112
111
104
104
104
103
103
103
90
90
91
91
91
92
92
92
93
93
93
94
94
94
95
95
95
96
96
96
97
97
97
98
98
98
99
99
99
100
100
100
101
101
101
102
102
124
85
61
121
87
55
123
123
123
122
122
121
124
86
61
86
105
76
70
92
86
55
122
55
94
94
95
95
95
96
96
96
97
97
94
93
93
93
56
56
56
70
100
101
101
101
102
102
102
103
103
103
104
104
104
71
71
72
60
60
60
59
59
59
58
58
58
57
57
72
72
73
73
73
74
74
74
75
75
75
57
97
100
99
99
99
98
98
98
100
71
66
96
89
87
89
59
87
88
88
88
72
66
106
80
106
72
59
60
60
60
96
66
65
65
80
96
79
79
79
78
64
97
97
97
105
105
105
106
74
73
73
73
63
61
61
61
62
62
62
63
63
65
64
64
72
78
78
77
77
98
98
98
99
99
99
100
100
100
101
101
101
102
102
102
103
103
103
104
104
104
77
76
76
76
75
75
75
74
74
100
72
104
103
100
103
101
101
103
102
102
101
102
57
57
58
58
58
59
59
59
57
56
56
56
55
55
54
54
54
53
53
53
52
52
52
60
60
60
61
61
61
62
62
62
63
63
63
64
64
64
65
65
65
66
66
66
67
67
67
68
68
68
69
69
69
70
70
70
71
71
72
51
51
51
50
50
50
49
49
46
46
47
47
47
48
48
48
49
55
96
106
96
76
93
69
84
58
106
112
93
96
94
95
112
94
94
95
108
108
95
68
58
108
110
76
107
107
58
76
84
84
110
111
68
111
111
109
66
66
66
67
61
61
61
60
60
60
59
59
67
67
68
59
83
83
83
82
82
82
81
81
81
80
80
80
79
79
79
78
78
78
77
77
77
110
109
109
65
63
63
63
64
64
64
65
65
62
62
62
53
41
53
92
92
51
51
51
53
52
52
52
42
42
43
42
75
43
91
91
91
90
90
90
89
89
89
88
88
88
87
87
87
86
86
86
85
85
85
84
84
84
83
83
83
82
82
82
81
81
81
80
80
80
79
79
78
78
78
77
77
77
76
76
76
75
75
43
44
44
44
45
45
45
46
46
46
47
47
47
48
48
48
49
49
49
50
50
50
79
103
36
95
102
36
37
38
39
39
39
40
58
40
40
41
41
41
42
42
42
43
43
43
44
44
44
45
45
45
46
46
46
47
47
47
48
48
48
49
49
49
50
50
50
38
51
51
38
95
96
96
96
97
97
97
98
98
98
99
99
99
100
100
100
101
101
101
102
102
37
37
52
52
52
53
53
53
54
54
54
55
55
55
56
56
56
57
57
57
51
66
82
72
88
66
72
82
103
96
66
59
88
50
72
83
83
87
71
100
100
101
101
101
102
102
102
103
103
100
99
84
84
83
99
99
98
87
98
50
50
51
51
51
98
52
52
53
53
53
54
54
54
55
55
55
56
56
56
57
57
57
58
58
58
97
97
97
87
86
96
84
85
67
67
67
68
68
68
69
69
69
70
70
70
71
85
85
86
86
52
101
62
38
101
96
101
96
62
38
39
61
39
53
53
53
52
52
52
51
51
51
50
50
61
61
39
97
97
98
98
59
60
60
60
98
99
99
99
100
100
100
41
41
40
40
40
97
50
59
59
58
58
58
57
57
57
56
56
56
55
55
55
54
54
54
49
49
48
48
48
47
47
47
46
46
46
45
45
45
44
44
44
43
43
43
42
42
42
41
49
32
30
51
32
114
116
116
116
108
115
92
51
43
31
31
31
32
114
51
50
115
115
50
108
92
50
49
44
43
43
49
49
95
44
44
45
45
45
46
46
46
47
47
47
48
48
48
93
93
107
107
106
106
106
105
105
105
104
104
104
93
103
103
103
102
102
102
101
101
101
100
94
94
94
95
100
100
99
99
99
98
98
98
97
97
97
96
96
96
95
30
96
28
28
105
30
30
29
97
98
70
69
68
29
68
29
67
67
70
71
97
97
47
67
66
66
66
65
104
104
105
105
70
65
65
64
69
57
57
69
47
47
46
68
57
56
56
56
55
104
103
103
103
102
102
102
101
101
101
100
100
100
99
99
98
98
55
55
54
54
54
53
53
53
52
52
52
51
51
51
50
50
50
49
49
49
48
48
48
99
54
93
48
105
40
63
103
103
44
104
54
55
55
55
56
94
94
104
104
105
44
105
45
45
47
47
47
45
41
41
56
56
93
93
46
43
43
41
42
42
46
43
42
44
46
61
61
62
62
62
63
94
61
60
60
60
58
58
57
57
57
102
103
95
59
95
95
96
96
96
97
97
97
98
59
59
58
98
98
99
99
100
100
100
101
101
101
102
102
99
137
105
60
90
46
97
96
96
96
95
95
95
94
94
94
93
93
92
92
92
91
91
97
97
98
98
98
99
99
99
100
100
100
91
46
46
47
47
47
101
101
101
102
102
102
103
103
103
104
104
104
105
105
48
48
48
49
49
49
50
50
50
51
51
51
52
52
52
53
53
53
54
54
54
55
55
55
56
56
56
57
57
57
58
58
58
59
59
59
93
105
50
50
39
49
49
81
47
47
88
88
48
104
48
81
82
45
46
46
46
47
49
41
40
40
40
39
48
94
41
101
101
101
102
102
102
103
100
94
94
95
95
95
96
96
41
42
42
42
43
43
43
44
44
44
45
45
103
103
85
85
84
84
86
84
83
83
96
97
97
97
98
83
82
82
98
98
99
104
104
100
100
99
99
87
87
87
86
86
85
56
137
60
139
138
60
138
138
57
57
59
59
59
36
57
43
58
58
42
109
58
43
37
92
43
37
36
37
105
104
104
104
103
103
103
102
102
102
41
41
41
42
42
38
40
40
39
39
39
101
101
105
105
106
106
106
107
107
108
108
108
109
101
100
100
100
99
99
99
98
98
98
97
97
97
96
96
96
95
95
95
94
94
94
93
93
93
38
38
40
58
95
100
58
66
58
57
57
57
56
56
56
55
55
66
66
67
55
67
68
68
68
69
69
69
70
70
70
71
71
72
72
72
73
73
73
74
74
74
75
75
75
76
76
76
77
77
77
54
54
54
53
53
53
52
52
52
51
51
51
50
50
50
49
49
95
95
96
96
96
97
97
97
98
98
98
99
99
99
49
48
48
48
47
47
47
46
46
46
67
74
87
86
86
76
76
87
87
88
88
88
89
89
89
90
90
90
91
91
76
75
91
92
92
92
93
93
93
94
94
94
95
95
95
96
96
96
97
97
97
98
98
98
99
99
99
100
100
100
101
101
101
102
102
102
103
103
103
104
104
104
105
105
105
106
106
75
75
67
66
66
66
65
65
65
64
64
64
63
63
63
62
62
62
61
61
60
60
60
61
73
106
75
73
75
74
75
74
74
67
54
58
58
59
59
59
60
60
60
61
61
61
62
62
62
63
63
63
64
64
64
65
65
65
66
66
66
58
57
57
57
56
56
56
54
55
55
92
93
93
93
94
94
94
95
95
95
96
96
96
97
97
97
98
98
98
99
99
99
100
100
100
101
101
101
102
102
102
103
103
103
104
104
105
105
105
106
106
55
104
50
66
114
115
115
115
116
114
116
117
117
114
113
113
49
43
43
42
49
95
96
96
113
103
103
57
57
66
116
65
98
99
99
98
98
97
97
99
100
65
65
64
64
64
63
63
63
97
96
57
58
58
58
59
59
59
60
100
100
101
101
43
62
44
44
44
45
45
45
46
46
46
47
47
47
48
48
48
49
101
102
102
102
60
60
61
61
61
62
62
50
65
104
90
50
65
91
64
103
103
65
103
51
50
90
91
102
91
51
64
92
56
56
56
57
57
57
55
58
58
59
59
59
60
60
60
61
98
98
97
97
61
61
62
62
97
96
96
96
62
63
63
95
95
63
95
94
94
94
93
93
64
55
55
54
54
54
53
98
99
99
93
53
53
92
92
52
52
52
51
99
100
100
100
101
101
101
102
102
58
52
105
79
59
86
53
59
53
54
55
55
55
54
56
56
105
105
79
90
91
