95
155
159
62
58
158
155
156
117
61
156
156
157
157
157
158
158
58
116
61
102
103
103
103
104
104
104
61
105
105
105
106
106
106
107
107
108
108
108
95
95
96
96
96
97
97
97
98
98
98
99
109
109
109
110
110
110
111
111
111
112
112
112
113
113
113
114
114
114
115
115
115
116
116
102
59
59
59
60
60
60
99
99
100
100
100
101
101
101
102
190
172
127
190
173
173
127
139
138
189
127
138
174
174
188
174
173
128
189
189
175
128
138
181
181
181
188
188
182
182
128
175
175
176
180
180
182
177
183
177
178
178
179
179
180
176
176
183
187
187
137
129
183
178
177
135
184
184
184
185
185
185
186
186
186
187
136
136
136
137
137
131
131
130
130
130
129
129
135
135
134
134
134
133
133
133
132
132
132
131
46
51
59
91
91
70
47
91
104
48
48
48
49
49
49
50
50
50
51
47
47
69
69
92
92
92
93
93
69
94
94
94
95
95
95
96
96
96
68
68
68
59
59
67
60
60
60
61
61
100
101
101
101
102
102
102
103
103
103
104
93
67
62
62
62
61
100
100
99
99
99
98
98
97
97
97
63
63
63
64
64
64
65
65
65
66
66
66
67
98
125
113
97
37
106
116
42
128
114
38
125
74
41
38
126
38
127
127
115
115
115
114
114
42
41
126
127
126
41
40
39
39
84
97
83
83
83
98
98
98
99
99
99
100
100
100
101
101
101
102
102
102
103
103
103
104
104
104
105
105
105
106
82
82
82
81
81
81
80
80
79
79
79
78
78
78
77
77
77
76
76
76
75
75
75
74
40
40
39
80
69
95
106
85
85
77
69
96
96
60
60
106
106
83
84
84
84
85
79
78
78
78
77
77
68
68
68
67
67
62
61
61
61
60
96
97
97
97
98
98
98
99
99
99
100
100
100
101
101
102
102
102
103
103
103
104
104
104
105
105
105
101
83
83
82
82
82
81
81
81
80
80
80
79
67
66
66
66
65
65
65
64
64
64
63
63
63
62
62
79
158
88
158
77
104
64
77
89
64
89
104
76
89
64
103
76
90
65
76
103
91
90
90
65
75
75
75
65
103
66
100
100
101
101
101
102
102
102
100
99
99
99
98
98
98
97
97
97
96
96
96
95
95
95
94
94
94
93
93
93
92
92
92
91
91
74
74
73
73
73
72
72
72
71
71
70
70
70
69
69
69
68
68
68
67
67
67
66
66
74
68
54
97
91
73
97
82
92
96
96
93
93
96
95
95
95
94
54
68
93
92
92
94
73
94
76
76
75
75
75
74
81
81
79
79
80
80
80
74
74
73
68
67
67
67
66
66
66
57
56
56
56
55
55
55
81
76
79
78
78
78
77
77
77
60
57
57
58
58
58
59
59
59
60
65
65
65
64
64
64
63
63
63
62
62
62
61
61
61
60
82
76
82
83
86
63
105
75
86
106
93
86
64
105
83
105
104
94
93
85
85
85
84
84
84
64
64
83
75
104
65
65
103
103
74
75
94
94
104
65
69
69
69
68
68
68
67
67
67
66
66
66
103
102
102
102
70
70
70
71
101
101
71
72
72
72
101
100
100
99
99
99
98
98
98
97
97
97
96
96
73
73
73
74
74
96
95
95
95
100
70
125
98
102
129
70
44
101
126
128
69
99
99
99
129
100
100
100
101
125
63
101
64
30
98
69
43
43
43
44
42
31
31
127
127
128
126
126
31
128
30
30
127
32
64
64
65
65
65
66
66
66
67
67
67
68
68
68
69
44
32
42
42
32
33
36
33
33
34
34
34
35
41
41
41
40
40
39
39
39
38
38
38
37
37
37
35
36
36
40
78
89
55
37
89
37
78
55
54
54
88
88
54
79
88
87
79
37
53
53
52
53
52
38
38
38
39
39
39
40
40
40
41
41
41
42
42
43
43
43
44
44
44
45
45
45
46
46
46
47
47
47
48
48
48
49
49
49
50
50
50
51
51
51
52
79
80
80
80
81
81
81
82
82
82
83
83
83
84
84
84
85
85
85
86
86
86
87
87
42
43
77
74
55
74
75
116
150
146
113
76
76
96
76
114
116
146
150
75
75
102
96
45
45
45
55
55
54
44
54
54
53
53
46
96
97
97
97
98
98
98
99
99
99
100
100
100
101
101
101
102
102
53
52
52
44
52
51
51
51
114
114
115
115
115
50
50
50
49
49
49
48
48
48
147
147
147
148
148
148
149
149
149
150
47
47
47
46
44
46
57
74
84
143
136
84
75
142
142
136
45
57
137
136
142
75
83
83
141
83
75
137
137
138
140
141
141
138
45
82
82
82
81
81
81
52
51
51
51
50
50
49
49
49
48
80
52
52
53
53
53
54
54
54
55
55
55
56
80
80
79
79
79
78
78
78
77
77
77
56
56
76
76
76
138
139
139
139
140
140
48
48
47
47
47
46
46
46
45
50
88
90
79
87
87
99
91
88
90
90
87
91
100
58
69
99
80
91
92
99
86
86
85
85
85
86
84
84
84
83
83
83
82
82
82
81
81
81
80
80
68
68
68
67
92
92
93
93
93
94
94
94
95
95
95
96
96
96
97
97
97
98
98
98
67
67
66
66
66
65
65
64
64
64
63
63
63
62
62
62
61
61
61
60
60
60
59
59
59
65
66
64
65
65
65
38
31
97
86
32
56
37
48
49
49
49
50
50
50
51
51
51
52
52
52
53
53
53
54
54
54
37
55
55
56
48
97
96
96
96
95
95
95
94
94
94
93
48
47
47
47
46
46
46
32
32
33
33
33
34
34
34
93
35
35
93
92
92
92
91
91
91
90
90
90
89
89
89
88
88
88
87
87
87
86
36
36
36
37
55
91
133
96
83
136
106
38
133
45
97
97
45
98
98
98
99
135
135
135
134
38
38
39
39
39
40
40
40
41
134
134
91
91
90
90
90
89
89
103
104
85
85
84
84
84
83
83
104
104
105
106
105
105
133
42
43
43
43
44
44
44
97
42
41
41
42
103
103
102
102
102
101
101
101
100
100
100
99
99
89
88
88
88
87
87
86
86
86
85
87
42
68
35
42
97
42
107
80
98
35
36
36
36
37
37
99
99
99
98
80
80
37
38
38
38
39
69
68
39
39
40
40
40
41
41
41
106
106
106
107
98
69
79
79
79
78
100
100
100
101
74
69
101
101
102
102
102
103
103
70
70
70
71
71
72
72
72
73
73
103
104
104
104
105
105
105
73
74
78
78
77
77
77
76
76
76
75
75
75
74
425
421
42
412
425
422
407
425
49
422
424
43
43
43
44
44
44
45
45
45
46
46
46
47
47
47
48
48
48
92
93
93
93
94
94
94
95
95
95
96
96
96
97
97
97
98
98
98
99
99
99
100
100
100
101
101
101
102
102
102
103
103
103
104
104
104
105
105
106
407
407
408
408
408
409
409
409
410
410
410
411
411
411
422
423
423
423
424
424
105
57
67
94
86
102
57
94
57
67
101
75
95
96
95
96
96
97
85
85
85
86
97
97
98
98
98
99
99
99
100
100
100
101
101
76
76
75
60
59
59
59
58
58
58
65
65
65
66
66
66
95
60
84
84
84
83
83
83
82
82
82
81
81
81
80
80
80
79
79
79
78
78
77
77
77
76
64
64
64
63
63
63
62
62
62
61
61
61
60
78
88
62
62
63
38
88
39
38
50
50
37
37
50
38
103
96
95
37
36
82
102
82
83
83
83
96
84
102
101
101
101
84
86
86
86
87
52
52
97
53
53
53
54
54
54
55
55
55
56
56
56
57
57
57
58
58
58
52
87
51
96
51
97
97
59
59
59
60
60
60
61
61
61
62
51
102
87
84
98
98
99
99
99
100
100
100
85
85
85
98
95
107
42
48
95
67
79
106
43
97
98
98
98
99
99
99
100
100
100
101
101
101
102
102
102
103
103
97
104
104
104
105
105
105
106
106
97
96
96
96
47
47
95
47
46
75
75
74
74
74
73
73
46
46
45
45
45
44
44
79
79
78
78
78
77
77
77
73
72
72
72
71
71
70
70
70
69
69
69
76
76
76
75
44
43
43
68
68
68
103
77
104
92
92
63
86
85
78
72
72
78
64
64
64
65
65
65
66
66
66
67
67
67
68
68
68
69
69
69
70
70
70
71
71
72
78
79
79
79
80
80
80
81
81
81
82
82
82
83
83
83
84
84
85
85
93
93
93
94
94
94
95
95
95
96
96
96
97
97
97
98
98
98
99
99
99
100
100
100
101
101
101
102
102
102
103
103
103
104
84
181
217
186
186
75
181
237
182
185
185
71
75
237
182
217
182
183
184
184
185
237
234
234
235
235
235
184
183
183
236
74
236
236
218
74
74
73
73
73
72
72
72
218
234
233
226
226
227
227
227
228
228
228
233
230
222
232
232
233
232
231
231
231
229
229
218
219
219
219
220
220
220
221
221
221
229
230
230
222
226
225
225
225
224
224
223
223
223
222
224
84
294
39
35
285
79
285
79
84
83
36
80
38
36
286
39
94
293
294
286
