223
206
222
94
206
222
221
221
222
94
206
207
106
207
106
105
105
105
217
217
216
216
216
215
215
214
214
214
213
213
213
212
212
212
211
211
211
210
210
210
209
209
209
208
208
208
104
104
104
103
103
103
102
102
102
101
217
218
218
218
219
219
207
219
220
220
220
221
101
101
100
100
100
99
99
99
98
98
98
97
97
97
96
96
96
95
94
95
95
106
135
105
133
135
134
134
134
133
45
42
42
42
41
43
43
44
44
44
45
104
104
32
33
33
33
34
34
34
35
35
36
36
45
104
103
90
91
91
91
92
92
92
103
103
43
102
93
93
38
41
41
40
40
40
39
36
37
37
37
102
38
99
100
100
100
101
101
101
102
99
99
98
98
97
97
97
96
96
96
95
95
95
94
94
94
93
39
39
38
98
47
47
110
41
41
56
65
95
46
109
41
108
108
108
109
109
96
96
96
97
63
42
42
42
43
43
43
44
44
44
45
45
45
46
46
57
57
57
58
58
58
65
64
64
64
63
63
59
104
59
59
60
60
60
61
61
61
62
62
62
107
107
106
106
106
105
105
105
104
97
97
98
98
98
99
99
99
100
100
100
101
101
101
102
102
102
103
103
103
104
108
115
112
112
112
108
114
88
114
113
113
88
113
42
107
114
48
106
89
89
42
42
47
48
107
106
89
90
106
43
47
105
90
90
43
43
44
44
46
46
47
105
105
101
101
101
102
102
102
103
103
103
104
104
104
100
100
100
99
99
99
98
98
98
97
97
97
96
96
95
95
95
94
94
94
93
93
93
92
92
92
91
91
91
44
45
45
45
46
96
69
109
92
81
69
109
70
69
70
71
71
72
92
92
93
93
93
108
109
72
108
108
79
107
80
80
80
81
70
107
94
94
72
79
79
73
106
73
101
101
101
102
102
102
103
103
103
104
104
104
105
105
105
106
106
100
100
100
99
99
98
98
98
97
97
97
96
96
96
75
75
74
74
74
73
95
95
95
94
75
76
76
76
77
77
77
78
78
78
99
54
79
70
48
53
49
105
90
90
49
49
50
50
50
51
51
52
52
52
53
53
79
78
78
70
70
71
71
51
78
103
103
102
102
102
101
101
101
100
100
100
99
99
99
98
98
98
97
97
97
103
104
104
104
96
96
96
95
95
95
94
94
77
93
93
93
92
92
92
91
91
91
72
72
72
73
73
73
74
74
74
75
75
75
76
76
76
77
77
94
65
65
71
66
136
70
66
66
70
92
70
129
67
68
135
129
69
69
69
135
68
68
67
67
109
93
130
109
135
134
129
130
130
134
131
134
133
133
93
131
95
95
95
94
105
94
93
96
96
96
97
97
94
108
108
108
107
107
106
106
106
105
133
132
132
132
131
105
97
98
98
98
99
99
100
100
100
101
101
101
102
102
102
103
103
103
104
104
104
99
306
316
149
356
308
308
308
307
307
307
306
309
149
309
151
362
252
361
361
361
360
96
97
97
97
98
98
98
99
99
99
100
100
100
360
360
359
359
358
358
358
357
357
357
101
101
101
102
356
356
96
96
95
95
95
150
150
150
151
253
253
102
102
103
253
254
254
254
255
255
316
315
315
315
314
314
313
313
313
312
312
312
311
311
311
310
310
310
309
314
80
50
80
79
78
79
78
78
77
50
79
77
76
76
76
75
75
51
77
75
70
52
52
52
51
67
67
68
68
68
69
69
69
70
70
51
71
71
72
72
72
73
73
73
74
74
74
53
53
67
66
66
65
65
65
64
64
64
63
63
63
62
62
62
61
61
61
60
60
60
59
59
59
58
58
58
57
57
57
56
56
56
55
55
55
54
54
54
53
66
161
159
158
158
161
161
174
151
151
174
158
173
174
173
175
151
157
182
162
166
166
167
166
167
168
168
168
169
169
169
170
170
170
171
171
171
172
172
172
173
165
165
165
164
164
164
175
175
176
176
176
177
177
177
163
163
163
162
162
157
157
156
178
178
178
179
179
180
180
180
181
181
181
182
182
156
156
155
155
155
154
154
154
153
153
153
152
152
152
167
300
315
204
103
97
197
197
315
300
203
103
103
97
300
98
315
98
102
197
203
203
301
102
312
312
311
311
311
310
310
310
309
309
309
308
308
308
307
307
307
306
306
306
305
305
305
304
304
304
303
303
303
302
302
302
301
301
312
313
313
313
314
314
314
98
99
99
99
100
100
100
101
101
101
102
198
198
198
199
199
200
200
200
201
201
201
202
202
202
199
167
165
192
487
167
180
186
490
165
175
487
167
84
165
175
175
192
166
487
166
166
186
186
95
489
489
489
488
488
180
180
179
488
191
88
191
191
190
190
190
189
189
189
188
188
188
187
187
187
95
94
94
94
93
93
93
92
92
92
91
91
91
179
178
178
178
90
90
90
89
89
177
177
177
176
176
176
89
88
84
85
85
85
86
86
86
87
87
87
88
64
164
162
163
163
163
164
79
138
139
140
140
140
139
139
141
141
151
151
151
150
150
150
149
149
149
148
148
148
147
147
147
142
146
146
146
145
145
145
144
144
144
143
143
64
64
65
65
65
66
66
66
67
67
67
68
68
68
69
69
69
70
70
70
71
71
72
72
72
73
73
73
74
74
74
75
75
75
76
76
76
77
77
77
78
78
78
142
142
141
47
72
45
46
100
100
73
46
46
100
73
99
99
73
99
74
74
74
75
75
75
76
76
76
77
77
77
78
78
78
79
98
79
80
80
80
81
81
81
82
82
82
83
83
83
84
84
84
85
85
85
86
86
86
87
87
87
88
88
88
89
89
89
90
90
90
91
91
91
92
92
92
93
93
93
94
94
94
95
95
95
96
96
96
97
97
97
98
98
79
83
47
73
83
79
80
48
82
73
83
80
80
63
64
63
81
82
64
63
62
62
62
61
61
64
65
65
65
66
66
66
67
67
67
68
68
68
69
69
69
70
70
70
71
71
72
72
72
61
60
60
60
59
59
59
58
58
58
57
57
57
56
56
56
55
55
55
54
54
54
53
53
53
81
81
82
52
52
52
51
51
51
50
50
50
49
49
48
48
49
68
107
85
84
105
105
84
69
69
84
105
94
107
106
94
95
95
106
69
106
70
70
94
95
72
71
97
96
96
96
104
97
97
98
98
98
99
81
81
82
81
80
80
80
79
79
79
78
78
78
77
77
77
82
72
82
83
99
83
83
104
99
100
100
100
101
76
76
76
75
101
101
102
102
102
103
75
75
74
103
103
70
71
74
74
73
73
73
72
104
90
68
51
52
49
68
41
94
94
91
49
44
44
44
45
45
45
46
46
46
65
65
65
66
66
66
67
67
47
47
47
48
48
48
92
43
43
43
42
42
42
41
41
52
52
53
67
68
91
91
92
93
93
92
53
53
54
54
54
55
55
55
56
56
56
57
57
57
58
58
58
59
59
59
60
60
60
61
61
61
62
62
62
63
63
63
64
64
64
93
179
105
95
78
105
84
166
104
78
166
83
83
103
103
103
104
104
179
96
96
95
79
102
79
79
102
102
166
101
101
101
100
100
82
83
100
97
97
97
96
178
80
177
177
178
178
177
173
82
82
81
81
81
80
80
176
176
176
175
175
175
174
174
174
167
167
167
168
168
168
99
99
99
98
98
98
169
169
169
170
170
170
171
171
171
172
172
172
173
173
152
161
94
152
153
161
79
153
154
88
155
155
155
159
159
159
80
160
154
154
153
160
105
160
156
95
95
94
88
88
87
87
83
156
156
157
157
157
158
158
158
87
86
86
80
80
81
81
81
82
95
96
96
96
97
97
97
98
98
98
99
99
82
82
86
85
85
85
84
84
84
99
100
100
100
101
101
101
102
102
102
103
103
103
104
104
104
105
83
83
87
43
180
176
58
61
61
61
62
62
62
57
57
57
43
43
83
92
87
60
84
85
85
85
86
86
86
84
84
83
92
93
93
93
60
180
179
94
94
95
95
95
96
96
96
97
97
97
98
98
98
99
99
99
100
179
178
100
100
101
101
101
102
102
178
178
177
177
177
176
102
103
103
103
104
104
104
105
105
105
106
176
60
59
59
59
180
58
58
94
0
0
0
0
0
0
0
0
0
0
0
0
0
0
0
0
0
0
0
0
0
0
0
0
0
0
0
0
0
0
0
0
0
0
0
0
0
0
0
0
0
0
0
0
0
0
0
0
0
0
0
0
0
0
0
0
0
0
0
0
0
0
0
0
0
0
0
0
0
0
0
0
0
0
0
0
0
0
0
0
0
0
0
0
0
0
0
0
0
0
0
0
0
0
0
0
0
0
0
0
0
0
0
0
0
0
0
0
0
0
0
0
0
0
0
0
0
0
0
0
0
0
0
0
0
0
0
0
0
0
0
0
0
0
0
0
0
0
0
0
0
0
0
0
0
0
0
0
0
0
0
0
0
0
0
0
0
0
0
0
0
0
0
0
0
0
0
0
0
0
0
0
0
0
0
0
0
0
0
0
0
0
0
0
0
0
0
0
0
0
0
0
0
0
0
0
0
0
0
0
