62
106
106
84
41
94
40
83
41
39
38
39
86
86
39
85
85
85
84
84
41
40
61
61
51
95
95
105
106
51
40
105
95
103
51
52
52
96
52
61
60
60
96
96
97
103
103
104
104
104
105
97
60
97
53
59
98
102
102
98
102
59
98
99
99
59
53
100
101
101
101
99
100
100
54
58
58
58
57
57
57
56
56
56
55
55
55
54
54
53
223
207
42
42
41
41
41
40
40
40
39
39
39
38
38
38
37
42
43
43
50
43
44
44
207
44
45
45
45
46
46
46
47
50
208
208
208
209
209
209
210
210
210
211
211
211
212
212
212
213
213
213
214
214
214
215
215
216
216
216
217
217
217
218
218
218
219
219
219
220
220
220
221
221
221
222
222
222
223
223
47
47
48
48
48
49
49
49
207
50
81
52
77
39
39
97
97
97
96
96
96
95
95
95
94
94
98
80
81
81
40
40
40
41
41
41
98
98
99
99
99
100
100
100
101
101
101
102
102
102
103
103
93
93
93
92
92
103
80
80
79
79
42
42
42
43
43
43
44
44
44
45
45
45
46
46
46
47
47
47
48
48
48
49
49
49
50
50
50
51
51
51
52
52
79
78
78
78
77
94
105
77
50
61
81
100
77
53
105
38
100
78
78
80
81
105
58
54
55
55
55
56
56
56
57
41
80
60
60
60
80
79
101
101
101
102
102
102
103
103
103
104
104
104
54
79
79
59
59
57
78
38
41
42
42
42
43
43
43
44
44
44
45
45
45
46
46
46
47
47
47
48
48
39
39
39
40
40
40
41
59
58
58
48
49
49
49
50
54
57
95
56
86
53
32
53
103
55
55
53
55
40
54
77
54
77
54
32
95
95
32
102
86
40
103
85
34
102
102
101
101
101
100
100
100
99
35
99
98
98
98
97
97
97
96
96
96
35
36
36
36
34
34
33
37
37
37
38
78
78
78
79
79
79
80
33
33
38
80
80
81
81
81
82
82
82
83
83
83
84
84
84
85
85
38
39
39
39
40
99
105
47
37
79
38
94
38
47
38
79
87
39
105
42
41
41
41
40
40
40
39
39
95
87
80
95
45
46
46
46
47
80
87
104
104
45
80
85
42
42
43
82
82
81
43
43
44
44
44
81
81
45
82
83
96
96
97
97
97
98
98
98
99
99
99
100
100
100
101
101
101
102
102
102
103
103
103
104
83
83
96
95
86
86
86
85
85
84
84
84
116
104
56
40
121
96
116
50
50
50
104
103
103
49
49
49
48
48
48
47
47
47
46
46
46
45
45
45
44
44
44
43
102
102
102
101
101
101
100
100
100
99
99
99
98
98
98
43
43
42
42
42
41
41
41
97
97
97
96
96
51
51
51
52
52
52
53
117
53
53
54
54
54
55
55
55
121
121
120
120
120
119
119
119
118
118
118
117
117
103
58
48
48
74
57
48
83
105
95
49
51
50
50
57
57
50
75
75
49
49
83
105
56
83
75
96
56
56
55
55
55
54
82
51
51
52
52
52
53
53
53
76
54
79
78
78
78
77
77
77
76
76
79
79
80
80
80
81
81
81
82
82
105
104
104
104
103
103
103
102
102
102
101
101
101
100
100
100
99
99
99
54
98
98
97
97
97
96
96
98
73
61
39
80
73
74
74
80
80
79
74
61
79
79
40
75
75
60
60
60
59
59
61
58
58
58
57
57
57
56
56
56
55
55
55
54
78
78
78
77
77
77
76
76
76
75
47
47
46
46
46
45
42
42
42
41
41
41
40
40
45
45
44
44
44
43
43
43
59
47
50
50
51
51
51
52
52
52
53
53
53
54
54
50
49
49
49
48
48
48
75
105
86
85
76
76
47
47
104
76
96
57
97
97
96
48
85
85
84
103
104
104
78
78
78
77
77
77
48
57
48
56
56
98
98
97
84
84
83
83
80
79
79
79
102
103
103
49
49
80
80
98
102
82
82
81
81
81
49
83
56
102
82
50
99
50
50
51
51
51
52
52
52
53
53
53
54
54
54
55
55
55
101
101
101
100
100
100
99
99
88
88
87
82
82
82
81
68
88
42
42
68
68
61
60
33
34
34
55
54
34
87
83
43
43
43
44
44
44
45
45
45
46
46
46
47
47
47
48
48
48
49
49
49
50
50
50
51
51
51
52
52
53
53
53
54
54
61
61
62
62
62
63
63
63
64
64
64
65
65
65
66
66
66
67
67
67
83
83
84
84
84
85
85
85
86
86
86
87
52
131
169
131
160
119
103
102
102
102
101
101
166
166
165
101
100
100
100
99
165
165
164
164
99
99
98
98
98
97
97
97
96
96
96
95
164
163
163
120
120
121
121
121
163
162
162
122
122
122
123
123
166
167
167
167
168
168
168
169
169
123
124
124
124
125
162
161
161
125
125
126
126
126
127
127
127
128
161
160
160
128
128
129
129
129
130
130
130
131
120
282
97
192
273
90
274
280
280
280
279
279
95
95
96
96
96
90
97
273
277
281
181
180
180
180
179
281
191
191
274
274
275
279
278
278
278
277
277
275
275
276
276
191
192
276
91
91
91
92
92
92
281
90
95
97
94
94
94
93
93
93
181
181
182
182
182
183
183
183
184
184
184
185
185
185
186
186
186
187
187
188
188
188
189
189
189
190
190
190
187
96
271
84
268
268
270
269
173
269
271
271
270
96
269
270
186
95
84
84
173
173
186
95
86
87
184
184
185
185
185
186
86
86
175
85
85
87
87
88
88
92
92
92
93
93
93
94
94
94
95
85
174
174
174
175
175
176
184
88
89
89
89
90
90
91
91
91
176
176
177
177
177
178
178
178
179
179
180
180
180
181
181
181
182
182
182
183
183
183
90
145
160
144
417
65
64
169
169
170
170
170
171
169
168
168
144
144
168
167
167
167
166
166
166
165
165
165
164
64
65
164
164
163
163
163
162
75
75
76
76
76
77
77
77
78
78
78
162
161
161
418
418
418
419
419
419
420
420
420
421
421
421
422
422
422
423
423
423
424
424
424
161
160
160
79
79
79
80
80
80
81
81
81
82
82
82
83
83
83
162
163
163
168
169
95
163
71
168
167
94
72
164
164
164
165
168
167
167
165
72
72
73
73
73
74
74
74
75
75
75
76
76
76
77
77
77
78
78
78
79
79
79
80
80
80
81
81
81
82
82
82
83
83
83
84
84
84
85
85
85
86
86
86
87
87
88
88
88
89
89
89
90
90
90
91
91
91
92
92
92
93
93
93
94
94
165
166
166
166
87
65
46
97
103
51
47
98
50
50
98
49
99
98
99
101
77
77
84
84
85
85
77
101
49
49
59
58
58
48
102
48
48
47
47
89
89
89
90
102
102
103
73
72
72
72
64
64
65
50
76
88
88
88
87
87
86
86
86
85
59
59
60
60
60
61
61
61
62
62
62
63
63
99
100
100
100
101
63
64
76
76
75
75
75
74
74
74
73
73
87
106
73
80
458
446
95
74
79
106
447
78
96
79
447
74
74
75
458
79
458
105
457
77
456
105
105
77
456
456
76
76
76
75
75
104
97
97
96
96
77
78
78
455
447
457
448
448
448
449
449
449
457
104
455
450
450
450
451
451
451
452
452
452
453
453
453
454
454
455
97
98
98
98
99
99
99
100
100
100
101
101
101
102
102
102
103
103
103
104
454
491
451
500
100
450
451
102
100
479
480
480
101
101
101
443
442
442
473
473
472
100
491
491
99
492
492
493
493
442
443
443
494
495
495
495
496
496
496
497
497
497
498
498
498
499
499
499
500
492
493
494
494
450
473
474
479
444
444
450
444
479
478
478
478
477
477
477
476
476
476
475
445
475
474
474
449
449
449
448
448
448
447
447
447
446
446
446
445
445
475
77
69
46
83
77
83
69
82
83
47
47
77
78
68
78
64
64
65
65
65
66
66
66
67
67
67
68
68
79
79
79
80
80
80
81
81
81
82
82
49
47
48
48
48
49
49
50
50
50
51
51
51
52
52
52
53
78
64
57
63
63
63
62
62
62
61
61
61
60
60
60
59
59
59
58
58
53
53
54
54
54
55
55
55
56
56
56
57
57
58
114
44
113
86
86
54
55
46
80
80
80
45
103
104
114
114
113
45
45
55
94
94
86
94
46
47
85
81
81
81
85
103
54
54
46
53
47
47
48
48
48
49
49
49
50
50
50
51
51
51
52
52
52
53
53
97
82
82
103
102
102
102
101
101
101
100
100
100
82
83
83
83
84
84
84
85
99
99
99
98
98
95
95
95
96
96
96
97
97
98
96
101
69
97
100
101
101
98
97
97
45
69
98
98
99
99
68
99
100
68
45
45
46
46
100
68
46
67
47
67
67
66
66
66
65
65
65
64
64
63
63
63
62
62
62
61
61
61
60
60
60
59
59
59
58
58
58
57
57
57
56
56
56
55
55
55
54
54
54
53
53
53
52
52
52
51
51
51
50
50
50
49
49
49
48
48
48
47
47
64
100
204
229
100
105
105
104
104
228
228
205
205
100
101
101
101
102
102
102
103
